64 64
2
81
11
44 27
0; 0; 0; 0; 0; 0; 0; 0; 0; 0; 0; 0; 0; 0; 0; 8; 0; 0; 0; 0; 0; 0; 0; 0; 0; 0; 0; 0; 0; 0; 0; 0; 0; 7; 0; 0; 0; 0; 0; 0; 0; 0; 0; 0; 0; 0; 0; 0; 0; 0; 0; 0; 0; 0; 0; 0; 0; 0; 0; 0; 0; 0; 0; 0
0; 0; 0; 0; 0; 8; 0; 8; 0; 0; 0; 8; 0; 0; 0; 8; 8; 0; 0; 8; 0; 8M; 0; 0; 0; 7; 7; 7; 0; 0; 7; 0; 7; 7; 0; 0; 0; 0; 0; 0; 0; 7; 0; 0; 0; 0; 0; 0; 0; 0; 0; 3; 3; 3; 0; 0; 3; 0; 0; 0; 0; 0; 0; 0
0; 8; 8; 8; 0; 8; 8; 8; 0; 0; 8; 8; 8; 8; 0; 8; 8; 8; 8; 8; 0; 8; 0; 7; 7; 7; 7; 7; 0; 0; 7; 0; 7; 7; 0; 0; 0; 7; 0; 0; 7; 7; 0; 3; 3; 3; 0; 3; 3; 3; 3; 3; 3; 3; 3; 3; 3; 3; 0; 3; 3; 3; 0; 0
0; 8; 8; 8; 8; 8; 8; 8; 8; 8; 8; 8; 8; 8; 8; 8; 8; 8; 8; 8; 8M; 8; 7; 7; 7; 7; 7; 7; 7; 7; 7; 7; 7; 7; 7; 0; 0; 7; 7; 7; 7; 7; 7; 3; 3; 3; 3; 3; 3; 3; 3; 3; 3; 3; 3; 3; 3; 3; 3; 3; 3; 3; 0; 0
0; 8; 8; 8; 8; 8; 8; 8; 8; 8; 8; 8; 8; 8; 8; 8; 8; 8; 8; 8; 8M; 8; 7; 7; 7; 7; 7; 7; 7; 7; 7; 7; 7; 7; 7; 7; 7; 7; 7; 7; 7; 7; 7; 3; 3; 3; 3; 3; 3; 3; 3; 3; 3; 3; 3; 3; 3; 3; 3; 3; 3; 3; 3; 0
0; 8; 8; 8; 8; 8; 8; 8; 8; 8; 8; 8; 8; 8; 8; 8; 8; 8; 8; 8M; 8; 8; 7; 7; 7; 7; 7; 7; 7; 7; 7; 7; 7; 7; 7; 7; 7; 7; 7; 7; 7; 7; 7; 3; 3; 3; 3; 3; 3; 3; 3; 3; 3; 3; 3; 3; 3; 3; 3; 3; 3; 3; 0; 0
0; 8; 8; 8; 8; 8; 8; 8; 8; 8; 8; 8; 8; 8; 8; 8; 8; 8; 8; 8; 8; 8; 7; 7; 7; 7; 7; 7; 7; 7; 7; 7; 7; 7; 7; 7; 7; 7; 7; 7; 7; 7; 7; 3; 3; 3; 3; 3; 3; 3; 3; 3; 3; 3; 3; 3; 3; 3; 3; 3; 3; 3; 3; 0
0; 8; 8; 8; 8; 8; 8; 8; 8; 8; 8; 8; 8; 8; 8; 8; 8; 8; 8; 8; 8; 8; 7; 7; 7; 7; 7; 7; 7; 7; 7; 7; 7; 7; 7; 7; 7; 7; 7; 7; 7; 7; 7; 3; 3; 3; 3; 3; 3; 3; 3; 3; 3; 3; 3; 3; 3; 3; 3; 3; 3; 3; 3; 0
8; 8; 8; 8; 8; 8; 8; 8; 8; 8; 8; 8; 8; 8; 8; 8; 8; 8; 8; 8; 8; 8; 7; 7; 7; 7; 7; 7; 7; 7; 7; 7; 7; 7; 7; 7; 7; 7; 7; 7; 7; 7; 7; 3; 3; 3; 3; 3; 3; 3; 3; 3; 3; 3; 3; 3; 3; 3; 3; 3; 3; 3; 0; 0
0; 0; 8; 8; 8; 8; 8; 8; 8; 8; 8; 8; 8M; 8; 8M; 8; 8; 8; 8; 8; 8; 8; 7; 7; 7; 7; 7; 7; 7; 7; 7; 7; 7; 7; 7; 7; 7; 7; 7; 7; 7; 7; 7; 3; 3; 3; 3; 3; 3; 3; 3; 3; 3; 3; 3; 3; 3; 3; 3; 3; 3; 3; 3; 0
8; 8; 8; 8; 8; 8; 8; 8; 8; 8; 8; 8; 8M; 8M; 8M; 8; 8; 8P; 8; 8; 8; 8; 7; 7; 7; 7; 7; 7; 7; 7; 7; 7; 7; 7; 7; 7; 7; 7; 7; 7; 7; 7; 7; 3; 3; 3; 3; 3; 3; 3; 3; 3; 3; 3; 3; 3; 3; 3; 3; 3; 3; 3; 0; 0
0; 8; 8; 8; 8; 8; 8; 8; 8; 8; 8; 8; 8M; 8M; 8M; 8; 8; 8; 8; 8; 8; 8; 7; 7; 7; 7; 7; 7; 7; 7; 7; 7; 7; 7; 7; 7; 7; 7; 7; 7; 7; 7; 7; 3; 3; 3; 3; 3; 3; 3; 3; 3; 3; 3; 3; 3; 3; 3; 3; 3; 3; 3; 0; 0
0; 8; 8; 8; 8; 8; 8; 8; 8; 8; 8; 8; 8M; 8M; 8; 8; 8; 8; 8; 8; 8; 8; 7; 7; 7; 7; 7; 7; 7; 7; 7; 7; 7; 7; 7; 7; 7; 7; 7; 7; 7; 7; 7; 3; 3; 3; 3; 3; 3; 3; 3; 3; 3; 3; 3; 3; 3; 3; 3; 3; 3; 3; 0; 0
0; 8; 8; 8; 8; 8; 8; 8; 8; 8; 8; 8; 8; 8M; 8M; 8; 8; 8; 8; 8; 8; 8; 7; 7; 7; 7; 7; 7; 7; 7; 7; 7; 7; 7; 7; 7; 7; 7; 7; 7; 7P; 7; 7; 3; 3; 3; 3; 3; 3; 3; 3; 3; 3; 3; 3; 3; 3; 3; 3; 3; 3; 3; 3; 0
0; 8; 8; 8; 8; 8; 8; 8; 8; 8; 8; 8; 8; 8; 8; 8; 8; 8; 8; 8; 8; 8; 7; 7; 7; 7; 7; 7; 7; 7; 7; 7; 7; 7; 7; 7; 7; 7; 7; 7; 7; 7; 7; 3; 3; 3; 3; 3; 3; 3; 3; 3; 3; 3; 3; 3; 3; 3; 3; 3; 0; 0; 0; 0
0; 0; 8; 8; 8; 8; 8; 8; 8; 8; 8; 8; 8; 8; 8; 8; 8; 8; 8; 8; 8; 7; 7; 7; 7; 7; 7; 7; 7; 7; 7; 7; 7; 7; 7; 7; 7; 7; 7; 7; 7; 7; 7; 3; 3; 3; 3; 3; 3; 3; 3; 3; 3; 3; 3; 3; 3; 3; 3; 3; 3; 0; 0; 0
0; 8; 8; 8; 8; 8; 8; 8; 8; 8; 8; 8; 8; 8; 8; 8; 8; 8; 8; 8; 8; 7; 7; 7; 7; 7; 7; 7; 7; 7; 7; 7; 7; 7; 7; 7; 7; 7; 7; 7; 7; 7; 7; 3; 3; 3; 3; 3; 3; 3; 3; 3; 3; 3; 3; 3; 3; 3; 3; 3; 3; 3; 0; 0
0; 8; 8; 8; 8; 8; 8; 8; 8; 8; 8; 8; 8; 8; 8M; 8M; 8; 8; 8; 8; 8; 7; 7; 7; 7; 7; 7; 7; 7; 7; 7; 7; 7; 7; 7; 7; 7; 7; 7; 7; 7; 7; 3; 3; 3; 3; 3; 3; 3; 3; 3; 3; 3; 3; 3; 3; 3; 3; 3; 3; 3; 3; 0; 0
8; 8; 8; 8; 8; 8; 8; 8; 8; 8; 8; 8; 8; 8; 8M; 8M; 8M; 8; 8; 8; 8; 7; 7; 7; 7; 7; 7; 7; 7; 7; 7; 7; 7; 7; 7; 7; 7; 7; 7; 7; 7; 7; 3; 3; 3; 3; 3; 3; 3; 3; 3; 3; 3; 3; 3; 3; 3; 3; 3; 3; 3; 3; 3; 3
0; 8; 8; 8; 8; 8M; 8; 8; 8M; 8M; 8M; 8; 8M; 8M; 8; 8M; 8M; 8; 8; 8; 8; 7; 7; 7; 7; 7; 7; 7; 7; 7; 7; 7; 7; 7; 7; 7; 7; 7; 7; 7; 7; 7; 3; 3; 3; 3; 3; 3; 3; 3; 3; 3; 3; 3; 3; 3; 3; 3; 3; 3; 3; 3; 0; 0
0; 0; 2; 4; 4M; 4; 4; 4M; 4M; 4; 4M; 4M; 4; 4M; 4M; 4; 4M; 4M; 4; 4; 4; 4; 4; 9; 9; 9; 9; 9; 9; 9; 9; 9; 9; 9; 9; 9; 9; 9; 9; 9; 9; 9; 3; 3; 3; 3; 3; 3; 3; 3; 3; 3; 3; 3; 3; 3P; 3; 3; 3; 3; 3; 0; 0; 0
0; 2; 2M; 4M; 4M; 4; 4M; 4M; 4M; 4M; 4; 4M; 4M; 4M; 4; 4M; 4M; 4M; 4M; 4; 4; 4; 4; 9; 9; 9; 9; 9; 9; 9; 9; 9; 9; 9; 9; 9; 9; 9; 9; 9; 9; 9; 9; 1; 1; 1; 1; 1; 1; 1; 1; 1; 1; 1; 1; 1; 1; 1; 1; 3; 3; 3; 0; 0
0; 2; 2; 4M; 4M; 4M; 4M; 4M; 4; 4; 4; 4; 4; 4M; 4; 4M; 4M; 4M; 4; 4; 4; 4; 4; 9; 9; 9; 9; 9; 9; 9; 9; 9; 9; 9; 9; 9; 9; 9; 9; 9; 9; 9; 9; 1; 1; 1; 1; 1; 1; 1; 1; 1; 1; 1; 1; 1; 1; 1; 1; 3; 3; 3; 0; 0
0; 2; 2; 4; 4; 4M; 4; 4; 4; 4; 4; 4; 4M; 4M; 4; 4M; 4; 4M; 4M; 4; 4; 4; 4; 9; 9; 9; 9; 9; 9; 9; 9; 9; 9; 9; 9; 9; 9; 9; 9; 9; 9; 9; 9; 1; 1; 1; 1; 1; 1; 1; 1; 1; 1; 1; 1; 1; 1; 1; 1; 1; 0; 0; 0; 0
2; 2; 2; 4; 4; 4; 4; 4; 4; 4; 4; 4; 4; 4; 4M; 4; 4M; 4M; 4; 4; 4; 4; 4; 9; 9; 9; 9; 9; 9; 9; 9; 9; 9; 9; 9; 9; 9; 9; 9; 9; 9; 9; 9; 1; 1; 1; 1; 1; 1; 1; 1; 1; 1; 1; 1; 1; 1; 1; 1; 1; 1; 1; 1; 0
2; 2; 2; 4; 4; 4; 4; 4; 4; 4; 4; 4; 4; 4; 4M; 4M; 4; 4; 4; 4; 4; 4; 4; 9; 9; 9; 9; 9; 9; 9; 9; 9; 9; 9; 9; 9; 9; 9; 9; 9; 9; 9; 9; 1; 1; 1; 1; 1; 1; 1; 1; 1; 1; 1; 1; 1; 1; 1; 1; 1; 1; 1; 1; 0
0; 0; 2; 4; 4; 4; 4; 4; 4; 4; 4; 4; 4; 4; 4; 4M; 4M; 4; 4; 4; 4; 4; 4; 9; 9; 9; 9; 9; 9; 9; 9; 9; 9; 9; 9; 9; 9; 9; 9; 9; 9; 9; 9; 1; 1; 1; 1; 1; 1; 1; 1; 1; 1; 1; 1; 1; 1; 1; 1; 1; 1; 1; 0; 0
2; 2; 2; 4; 4; 4; 4; 4; 4; 4; 4; 4; 4; 4; 4M; 4; 4; 4; 4; 4; 4; 4; 4; 9; 9; 9; 9; 9; 9; 9; 9; 9; 9; 9; 9; 9; 9; 9; 9; 9; 9; 9; 9; 1; 1; 1; 1; 1; 1; 1; 1; 1; 1; 1; 1; 1; 1; 1; 1; 1; 1; 1; 0; 0
0; 2; 2; 4; 4; 4; 4; 4; 4; 4; 4; 4; 4; 4; 4M; 4; 4; 4M; 4; 4; 4; 4; 4; 9; 9; 9; 9; 9; 9; 9; 9P; 9; 9; 9; 9; 9; 9; 9; 9; 9; 9; 9; 9; 1; 1; 1; 1; 1; 1; 1; 1; 1; 1; 1; 1; 1; 1; 1; 1; 1; 1; 0; 0; 0
0; 2; 2; 4P; 4; 4; 4; 4; 4; 4; 4; 4; 4; 4; 4; 4M; 4M; 4; 4; 4; 4; 4; 4; 9; 9; 9; 9; 9; 9; 9; 9; 9; 9; 9; 9; 9; 9; 9; 9; 9; 9; 9; 9; 1; 1; 1; 1; 1; 1; 1; 1; 1; 1; 1; 1; 1; 1; 1; 1; 1; 1; 1; 0; 0
0; 0; 2; 4; 4; 4; 4; 4; 4; 4; 4; 4; 4; 4; 4; 4; 4; 4; 4; 4; 4; 4; 4; 9; 9; 9; 9; 9; 9; 9; 9; 9; 9; 9; 9; 9; 9; 9; 9; 9; 9; 9; 9; 1; 1; 1; 1; 1; 1; 1; 1; 1; 1; 1; 1; 1; 1; 1; 1; 1; 1; 1; 1; 0
0; 2; 2; 4; 4; 4; 4; 4; 4; 4; 4; 4; 4; 4; 4; 4; 4; 4; 4; 4; 4; 4; 4; 9; 9; 9; 9; 9; 9; 9; 9; 9; 9; 9; 9; 9; 9; 9; 9; 9; 9; 9; 9; 1; 1; 1; 1; 1; 1; 1; 1; 1; 1; 1; 1; 1; 1; 1; 1; 1; 1; 1; 0; 0
0; 0; 2; 4; 4; 4; 4; 4; 4; 4; 4; 4; 4; 4; 4; 4; 4; 4; 4; 4; 4; 4; 4; 9; 9; 9; 9; 9; 9; 9; 9; 9; 9; 9; 9; 9; 9; 9; 9; 9; 9; 9; 9; 1; 1; 1; 1; 1; 1; 1; 1; 1; 1; 1; 1; 1; 1; 1; 1; 1; 1; 1; 0; 0
0; 2; 2; 2; 4; 4; 4; 4; 4; 4; 4M; 4M; 4; 4; 4; 4; 4; 4; 4; 4; 4; 4; 4; 9; 9; 9; 9; 9; 9; 9; 9; 9; 9; 9; 9; 9; 9; 9; 9; 9; 9; 9; 9; 1; 1; 1; 1; 1; 1; 1; 1; 1; 1; 1; 1; 1; 1; 1; 1; 1; 1; 1; 0; 0
0; 2; 2; 2; 4; 4; 4; 4; 4; 4M; 4M; 4M; 4M; 4; 4; 4; 4; 4; 4; 4; 4; 4; 4; 9; 9; 9; 9; 9; 9; 9; 9; 9; 9; 9; 9; 9; 9; 9; 9; 9; 9; 9; 9; 1; 1; 1; 1; 1; 1; 1; 1; 1; 1; 1; 1; 1; 1; 1; 1; 1P; 1; 1; 0; 0
2; 2; 2; 2; 4; 4; 4; 4; 4; 4M; 4M; 4M; 4; 4; 4; 4; 4; 4; 4; 4; 4; 4; 4; 9; 9; 9; 9; 9; 9; 9; 9; 9; 9; 9; 9; 9; 9; 9; 9; 9; 9; 9; 9; 1; 1; 1; 1; 1; 1; 1; 1; 1; 1; 1; 1; 1; 1; 1; 1; 1; 1; 1; 0; 0
0; 2; 2; 2; 4; 4; 4; 4; 4M; 4; 4; 4M; 4M; 4; 4; 4; 4; 4; 4; 4; 4; 4; 4; 9; 9; 9; 9; 9; 9; 9; 9; 9; 9; 9; 9; 9; 9; 9; 9; 9; 9; 9; 9; 1; 1; 1; 1; 1; 1; 1; 1; 1; 1; 1; 1; 1; 1; 1; 1; 1; 1; 1; 0; 0
2; 2; 2; 2; 4; 4; 4; 4M; 4M; 4; 4; 4; 4M; 4; 4; 4; 4; 4; 4; 4; 4; 4; 4; 4; 9; 9; 9; 9; 9; 9; 9; 9; 9; 9; 9; 9; 9; 9; 9; 9; 9; 9; 9; 1; 1; 1; 1; 1; 1; 1; 1; 1; 1; 1; 1; 1; 1; 1; 1; 1; 1; 1; 1; 1
2; 2; 2; 2; 4; 4; 4M; 4M; 4M; 4; 4; 4; 4; 4; 4; 4; 4; 4; 4; 4; 4; 4; 4; 4; 9; 9; 9; 9; 9; 9; 9; 9; 9; 9; 9; 9; 9; 9; 9; 9; 9; 9; 9; 1; 1; 1; 1; 1; 1; 1; 1; 1; 1; 1; 1; 1; 1; 1; 1; 1; 1; 1; 1; 0
0; 2; 2; 2; 2; 2; 2; 2; 2; 2; 2; 2; 2; 2; 2; 2; 2; 2; 2; 2; 5; 5; 5; 5; 5; 5; 5; 5; 5; 5; 6; 6; 6; 6; 6; 6; 6; 6; 6; 6; 6; 6; 6; 1; 1; 1; 1; 1; 1; 1; 1; 1; 1; 1; 1; 1; 1; 1; 1; 1; 0; 0; 0; 0
0; 0; 2; 2; 2; 2; 2; 2; 2; 2; 2; 2; 2; 2; 2; 2; 2; 2; 2; 2; 5; 5; 5; 5; 5; 5; 5; 5; 5; 5; 6; 6; 6; 6; 6; 6; 6; 6; 6; 6; 6; 6; 6; 6P; 1; 1; 1; 1; 1; 1; 1; 1; 1; 1; 1; 1; 1; 1; 1; 1; 1; 1; 1; 1
2; 2; 2; 2; 2; 2; 2; 2; 2; 2; 2; 2; 2; 2; 2; 2; 2; 2; 2; 2; 5; 5; 5; 5; 5; 5; 5; 5; 5; 5; 6; 6; 6; 6; 6; 6; 6; 6; 6; 6; 6; 6; 6; 6; 6; 6; 6; 6; 6; 6; 10; 10; 10; 10; 10; 10; 10; 10; 10; 10; 10; 0; 0; 0
0; 0; 2; 2; 2; 2; 2; 2; 2; 2; 2; 2; 2; 2; 2; 2; 2; 2; 2; 2; 5; 5; 5; 5; 5; 5; 5; 5; 5; 5; 6; 6; 6; 6; 6; 6; 6; 6; 6; 6; 6; 6; 6; 6; 6; 6; 6; 6; 6; 6; 10; 10; 10; 10; 10; 10; 10; 10; 10; 10; 10; 10; 0; 0
2; 2; 2; 2; 2; 2; 2; 2; 2; 2; 2; 2; 2; 2; 2; 2; 2; 2; 2; 2; 5; 5; 5; 5; 5; 5; 5; 5; 5; 5; 6; 6; 6; 6; 6; 6; 6; 6; 6; 6; 6; 6; 6; 6; 6; 6; 6; 6; 6; 6; 10; 10; 10; 10; 10; 10; 10; 10; 10; 10; 10; 10; 10; 10
0; 2; 2; 2; 2; 2; 2; 2; 2; 2; 2; 2; 2; 2; 2; 2; 2; 2; 2; 2; 5; 5; 5; 5; 5; 5; 5; 5; 5; 5; 6; 6; 6; 6; 6; 6; 6; 6; 6; 6; 6; 6; 6; 6; 6; 6; 6; 6; 6; 6; 10; 10; 10; 10; 10; 10; 10; 10; 10; 10; 10; 10; 10; 0
0; 0; 2; 2; 2; 2; 2; 2; 2; 2; 2; 2; 2; 2; 2; 2; 2; 2; 2; 2; 5; 5; 5; 5; 5; 5; 5; 5; 5; 5; 6; 6; 6; 6; 6; 6; 6; 6; 6; 6; 6; 6; 6; 6; 6; 6; 6; 6M; 6; 6M; 10M; 10; 10; 10; 10; 10; 10; 10; 10; 10; 10; 10; 10; 0
0; 2; 2; 2; 2; 2; 2; 2; 2; 2; 2; 2; 2; 2; 2; 2; 2; 2; 2; 2; 5; 5; 5; 5; 5; 5; 5; 5; 5; 5; 6; 6; 6; 6; 6; 6; 6; 6; 6; 6; 6; 6; 6; 6; 6; 6M; 6M; 6M; 6M; 6; 10; 10M; 10; 10; 10; 10; 10; 10; 10; 10; 10; 10; 0; 0
0; 2; 2; 2; 2; 2; 2; 2; 2; 2; 2; 2; 2; 2; 2; 2; 2; 2; 2; 5; 5; 5; 5; 5; 5; 5; 5; 5; 5; 5; 6; 6; 6; 6; 6; 6; 6; 6; 6; 6; 6; 6; 6; 6; 6M; 6M; 6M; 6M; 6M; 10M; 10; 10; 10; 10; 10; 10; 10; 10; 10; 10; 10; 10; 10; 0
0; 2; 2; 2; 2; 2; 2; 2; 2; 2; 2; 2; 2; 2; 2; 2; 2; 2; 2; 5; 5; 5; 5; 5; 5; 5; 5; 5; 5; 5; 6; 6; 6; 6; 6; 6; 6; 6; 6; 6; 6; 6; 6; 6; 6; 6; 6M; 6M; 6; 10; 10; 10; 10; 10; 10; 10; 10; 10; 10; 10; 10; 10; 10; 0
2; 2; 2; 2; 2; 2; 2; 2; 2; 2; 2; 2; 2; 2; 2; 2; 2; 2; 2; 5; 5; 5; 5; 5; 5; 5; 5; 5; 5; 5; 6; 6; 6; 6; 6; 6; 6; 6; 6; 6; 6; 6; 6; 6; 6; 6; 6; 6; 6; 10; 10; 10; 10; 10; 10; 10; 10; 10; 10; 10; 10; 10; 0; 0
0; 2; 2; 2; 2; 2; 2; 2; 2; 2; 2; 2; 2; 2; 2; 2; 2; 2; 2; 5; 5; 5; 5; 5; 5; 5; 5; 5; 5; 5; 6; 6; 6; 6; 6; 6; 6; 6; 6; 6; 6; 6; 6; 6; 6; 6; 6; 6; 6; 10; 10; 10; 10; 10; 10; 10; 10; 10; 10; 10; 10; 10; 10; 10
0; 2; 2; 2; 2; 2; 2; 2; 2; 2; 2; 2; 2; 2; 2; 2; 2; 2; 2; 5; 5; 5; 5; 5; 5; 5; 5; 5; 5; 5; 6; 6; 6; 6; 6; 6; 6; 6; 6; 6; 6; 6; 6; 6; 6; 6; 6; 6; 6; 10; 10; 10; 10; 10; 10; 10; 10; 10; 10; 10; 10; 10; 0; 0
0; 0; 2; 2; 2; 2; 2; 2; 2P; 2; 2; 2; 2; 2; 2; 2; 2; 2; 2; 5; 5; 5; 5; 5; 5; 5; 5; 5; 5; 5; 6; 6; 6; 6; 6; 6; 6; 6; 6; 6; 6; 6; 6; 6; 6; 6; 6; 6; 6; 10; 10; 10; 10; 10; 10; 10; 10; 10P; 10; 10; 10; 10; 10; 0
0; 2; 2; 2; 2; 2; 2; 2; 2; 2; 2; 2; 2; 2; 2; 2; 2; 2; 2; 5; 5; 5; 5; 5; 5; 5; 5; 5; 5; 5; 6; 6; 6; 6; 6; 6; 6; 6; 6; 6; 6; 6; 6; 6; 6; 6; 6; 6; 6; 10; 10; 10; 10; 10; 10; 10; 10; 10; 10; 10; 10; 0; 0; 0
0; 0; 2; 2; 2; 2; 2; 2; 2; 2; 2; 2; 2; 2; 2; 2; 2; 2; 2; 5; 5; 5; 5; 5; 5; 5; 5; 5; 5; 5; 6; 6; 6; 6; 6; 6; 6; 6; 6; 6; 6; 6; 6; 6; 6; 6; 6; 6; 6; 10; 10; 10; 10; 10; 10; 10; 10; 10; 10; 10; 10; 0; 0; 0
0; 2; 2; 2; 2; 2; 2; 2; 2; 2; 2; 2; 2; 2; 2; 2; 2; 2; 2; 5; 5; 5; 5; 5; 5; 5; 5; 5; 5; 5; 6; 6; 6; 6; 6; 6; 6; 6; 6; 6; 6; 6; 6; 6; 6; 6; 6; 6; 6; 10; 10; 10; 10; 10; 10; 10; 10; 10; 10; 10; 10; 10; 0; 0
0; 2; 2; 2; 2; 2; 2; 2; 2; 2; 2; 2; 2; 2; 2; 2; 2; 2; 2; 5; 5; 5; 5; 5; 5; 5; 5; 5; 5; 5; 6; 6; 6M; 6M; 6; 6; 6; 6; 6; 6; 6; 6; 6; 6; 6; 6; 6; 6; 6; 10; 10; 10; 10; 10; 10; 10; 10; 10; 10; 10; 10; 10; 0; 0
0; 5; 5; 5; 5; 5; 5; 5; 5; 5; 5; 5; 5; 5; 5; 5; 5; 5; 5; 5; 5; 5; 5; 5; 5; 5; 5; 5; 5; 5; 6; 6M; 6M; 6M; 6; 6; 6; 6; 6; 6; 6; 6; 6; 6; 6; 6; 6; 6; 6; 10; 10; 10; 10; 10; 10; 10; 10; 10; 10; 10; 10; 10; 10; 0
5; 5; 5; 5; 5; 5; 5; 5; 5; 5; 5; 5; 5; 5; 5; 5; 5; 5; 5; 5; 5; 5; 5; 5; 5; 5; 5; 5; 5; 5; 6; 6; 6M; 6M; 6; 6; 6; 6; 6; 6; 6; 6; 6; 6; 6; 6; 6; 6; 6; 10; 10; 10; 10; 10; 10; 10; 10; 10; 10; 10; 10; 10; 10; 10
0; 5; 5; 5; 5; 5; 5; 5; 5; 5; 5; 5; 5; 5; 5; 5; 5; 5; 5; 5; 5; 5; 5; 5; 5; 5; 5; 5; 5; 5; 10; 10; 10; 10M; 10; 10; 10; 10; 10; 10; 10; 10; 10; 10; 10; 10; 10; 10; 10; 10; 10; 10; 10; 10; 10; 10; 10; 10; 10; 10; 10; 10; 0; 0
0; 5; 5; 5; 5; 5; 5; 5; 5; 5; 5; 5; 5; 5; 5; 5; 5; 5; 5; 5; 5; 5; 5; 5; 5; 5; 5; 5; 5; 5; 10; 10; 10; 10; 10M; 10; 10; 10; 10; 10; 10; 10; 10; 10; 10; 10; 10; 10; 10; 10; 10; 10; 10; 10; 10; 10; 10; 10; 10; 10; 10; 0; 0; 0
0; 5; 5; 5; 5; 5; 5; 5; 5; 5; 5; 5; 5; 5; 5; 5; 5; 5; 5; 5; 5; 5; 5; 5; 5; 5; 5; 5; 5; 10; 10; 10; 10; 10; 10; 10; 10; 10; 10; 10; 10; 10; 10; 10; 10; 10; 10; 10; 10; 10; 10; 10; 10; 10; 10; 10; 10; 10; 10; 10; 10; 0; 0; 0
0; 5; 5; 5; 5; 5; 5; 5; 5; 5; 5; 5; 5; 5; 5; 5; 5; 5; 5; 5; 5; 5; 5; 5; 5; 5; 5; 5; 5; 10; 10; 10; 10; 10; 10; 10; 10; 10; 10; 10; 10; 10; 10; 10; 10; 10; 10; 10; 10; 10; 10; 10; 10; 10; 10; 10; 10; 10; 10; 10; 10; 0; 0; 0
0; 0; 0; 0; 0; 0; 5; 0; 5; 5; 5; 0; 0; 5; 0; 5; 5; 0; 0; 5; 0; 0; 5; 0; 5; 0; 5; 5; 5; 0; 0; 0; 10; 10; 0; 10; 0; 0; 0; 10; 0; 10; 0; 0; 10; 10; 10; 10; 0; 10; 10; 0; 0; 10; 0; 0; 0; 10; 10; 0; 0; 0; 0; 0
