100 100
2
200
13
49 59
0; 0; 0; 0; 0; 0; 0; 8; 8; 8; 0; 8; 0; 0; 8; 8; 0; 8; 8; 8; 0; 0; 0; 0; 8; 8; 8; 0; 0; 0; 8; 0; 0; 3; 3; 3; 0; 3; 0; 0; 3; 3; 3; 0; 3; 0; 0; 3; 3; 3; 0; 3; 0; 3; 3; 3; 0; 0; 3; 4; 4; 0; 4; 4; 4; 0; 4; 0; 0; 0; 4; 4; 0; 4; 4; 0; 4; 0; 0; 0; 0; 0; 0; 0; 4; 4; 4; 0; 0; 0; 10; 10; 0; 10; 0; 0; 0; 0; 0; 0
0; 0; 0; 0; 8; 8; 8; 8; 8; 8; 8; 8; 8; 8; 8; 8; 8; 8; 8; 8; 8; 8; 8; 8; 8; 8; 8; 8; 8; 8; 8; 3; 3; 3; 3; 3; 3; 3; 3; 3; 3; 3; 3; 3; 3; 3; 3; 3; 3; 3; 3; 3; 3; 3; 3; 3; 3; 3; 3; 4; 4; 4; 4; 4; 4; 4; 4; 4; 4; 4; 4; 4; 4; 4; 4; 4; 4; 4; 4; 4; 4; 4; 4; 4; 4; 4; 4; 10; 10; 10; 10; 10; 10; 10; 10; 10; 10; 10; 10; 0
0; 0; 0; 0; 8; 8; 8; 8; 8; 8; 8; 8; 8; 8; 8; 8; 8; 8; 8; 8; 8; 8; 8; 8; 8; 8; 8; 8; 8; 8; 8; 3; 3; 3; 3; 3; 3; 3; 3; 3; 3; 3; 3; 3; 3; 3; 3; 3; 3; 3; 3; 3; 3; 3; 3; 3; 3; 3; 3; 4; 4; 4; 4; 4; 4; 4; 4; 4; 4; 4; 4; 4; 4; 4; 4; 4; 4; 4; 4; 4; 4; 4; 4; 4; 4; 4; 4; 10; 10; 10; 10; 10; 10; 10; 10; 10; 10; 10; 10; 0
0; 0; 0; 0; 8; 8; 8; 8; 8; 8; 8; 8; 8; 8; 8; 8; 8; 8; 8; 8; 8; 8; 8; 8; 8; 8; 8; 8; 8; 8; 8; 3; 3; 3; 3; 3; 3; 3; 3; 3; 3; 3; 3; 3; 3; 3; 3; 3; 3; 3; 3; 3; 3; 3; 3; 3; 3; 3; 3; 4; 4; 4; 4; 4; 4; 4; 4; 4; 4; 4; 4; 4; 4; 4; 4; 4; 4; 4; 4; 4; 4; 4; 4; 4; 4; 4; 4; 10; 10; 10; 10; 10; 10; 10; 10; 10; 10; 10; 10; 0
0; 0; 0; 0; 8; 8; 8; 8; 8; 8; 8; 8; 8; 8; 8; 8; 8; 8; 8; 8; 8; 8; 8; 8; 8; 8; 8; 8; 8; 8; 8; 3; 3; 3; 3; 3; 3; 3; 3; 3; 3; 3; 3; 3; 3; 3; 3; 3; 3; 3; 3; 3; 3; 3; 3; 3; 3; 3; 3; 4; 4; 4; 4; 4; 4; 4; 4; 4; 4; 4; 4; 4; 4; 4; 4; 4; 4; 4; 4; 4; 4; 4; 4; 4; 4; 4; 4; 10; 10; 10; 10; 10; 10; 10; 10; 10; 10; 10; 10; 0
0; 0; 0; 8; 8; 8; 8; 8; 8; 8; 8; 8; 8; 8; 8; 8; 8; 8; 8; 8; 8; 8; 8; 8; 8; 8; 8; 8; 8; 8; 8; 3; 3; 3; 3; 3; 3; 3; 3; 3; 3; 3; 3; 3; 3; 3; 3; 3; 3; 3; 3; 3; 3; 3; 3; 3; 3; 3; 3; 4; 4; 4; 4; 4; 4; 4; 4; 4; 4; 4; 4; 4; 4; 4; 4; 4; 4; 4; 4; 4; 4; 4; 4; 4; 4; 4; 4; 10; 10; 10; 10; 10; 10; 10; 10; 10; 10; 10; 0; 0
0; 0; 0; 0; 8; 8; 8; 8; 8; 8; 8; 8; 8; 8; 8; 8; 8; 8; 8; 8; 8; 8; 8; 8; 8; 8; 8; 8; 8; 8; 3; 3; 3; 3; 3; 3; 3; 3; 3; 3; 3; 3; 3; 3; 3; 3; 3; 3; 3; 3; 3; 3; 3; 3; 3; 3; 3; 3; 3; 4; 4; 4; 4; 4; 4; 4; 4; 4; 4; 4; 4; 4; 4; 4; 4; 4; 4; 4; 4; 4; 4; 4; 4; 4; 4; 4; 4; 10; 10; 10; 10; 10; 10; 10; 10; 10; 10; 10; 0; 0
0; 0; 0; 8; 8; 8; 8; 8; 8; 8; 8; 8; 8; 8; 8; 8; 8; 8; 8; 8; 8; 8; 8; 8; 8; 8; 8; 8; 8; 8; 3; 3; 3; 3; 3; 3; 3; 3; 3; 3; 3; 3; 3; 3; 3; 3; 3; 3; 3; 3; 3; 3; 3; 3; 3; 3; 3; 3; 4; 4; 4; 4; 4; 4; 4; 4; 4; 4; 4; 4; 4; 4; 4; 4; 4; 4; 4; 4; 4; 4; 4; 4; 4; 4; 4; 4; 4P; 10; 10; 10; 10; 10; 10; 10; 10; 10; 10; 10; 0; 0
0; 0; 0; 8; 8; 8; 8; 8; 8; 8; 8; 8; 8; 8; 8; 8; 8; 8; 8; 8; 8; 8; 8; 8; 8; 8; 8; 8; 8; 8; 3; 3; 3; 3; 3; 3; 3; 3; 3; 3; 3; 3; 3; 3; 3; 3; 3; 3; 3; 3; 3; 3; 3; 3; 3; 3; 3; 3; 4; 4; 4; 4; 4; 4; 4; 4; 4; 4; 4; 4; 4; 4; 4; 4; 4; 4; 4; 4; 4; 4; 4; 4; 4; 4; 4; 4; 4; 10; 10; 10; 10; 10; 10; 10; 10; 10; 10; 10; 10; 0
0; 0; 0; 8; 8; 8; 8; 8; 8; 8; 8; 8; 8; 8; 8; 8; 8; 8; 8; 8; 8; 8; 8; 8; 8; 8; 8; 8; 8; 8; 3; 3; 3; 3; 3; 3; 3; 3; 3; 3; 3; 3; 3; 3; 3; 3; 3; 3; 3; 3; 3; 3; 3; 3; 3; 3; 3; 3; 4; 4; 4; 4; 4; 4; 4; 4; 4; 4; 4; 4; 4; 4; 4; 4; 4; 4; 4; 4; 4; 4; 4; 4; 4; 4; 4; 4; 4; 10; 10; 10; 10; 10; 10; 10; 10; 10; 0; 0; 0; 0
0; 0; 0; 0; 8; 8; 8; 8; 8; 8; 8; 8; 8; 8; 8; 8; 8; 8; 8; 8; 8; 8; 8; 8; 8; 8; 8; 8; 8; 8; 3; 3; 3; 3; 3; 3; 3; 3; 3; 3; 3; 3; 3; 3; 3; 3; 3; 3; 3; 3; 3; 3; 3; 3; 3; 3; 3; 3; 4; 4; 4; 4; 4; 4; 4; 4; 4; 4; 4; 4; 4; 4; 4; 4; 4; 4; 4; 4; 4; 4; 4; 4; 4; 4; 4; 4; 4; 10; 10; 10; 10; 10; 10; 10; 10; 10; 10; 0; 0; 0
0; 0; 0; 8; 8; 8; 8; 8; 8; 8; 8; 8; 8; 8; 8; 8; 8; 8; 8; 8; 8; 8; 8; 8; 8; 8; 8; 8; 8; 8; 3; 3; 3; 3; 3; 3; 3; 3; 3; 3; 3; 3; 3; 3; 3; 3; 3; 3; 3; 3; 3; 3; 3; 3; 3; 3; 3; 3; 4; 4; 4; 4; 4M; 4M; 4; 4; 4; 4; 4; 4; 4; 4; 4; 4; 4; 4; 4; 4; 4; 4; 4; 4; 4; 4; 4; 4; 10; 10; 10; 10; 10; 10; 10; 10; 10; 10; 0; 0; 0; 0
0; 8; 8; 8; 8; 8; 8; 8; 8; 8; 8; 8; 8; 8; 8; 8; 8; 8; 8; 8; 8; 8; 8; 8; 8; 8; 8; 8; 8; 8; 3; 3; 3; 3; 3; 3; 3; 3; 3; 3; 3; 3; 3; 3; 3; 3; 3; 3; 3; 3; 3; 3; 3; 3; 3; 3; 3; 3; 4; 4; 4; 4; 4M; 4M; 4; 4; 4; 4; 4; 4; 4; 4; 4; 4; 4; 4; 4; 4; 4; 4; 4; 4; 4; 4; 4; 4; 10; 10; 10; 10; 10; 10; 10; 10; 10; 10; 10; 10; 10; 0
0; 0; 8; 8; 8; 8; 8; 8; 8; 8; 8; 8; 8; 8; 8; 8; 8; 8; 8; 8; 8; 8; 8; 8P; 8; 8; 8; 8; 8; 8; 3; 3; 3; 3; 3; 3; 3; 3; 3; 3; 3; 3; 3; 3; 3; 3; 3; 3; 3; 3; 3; 3; 3; 3; 3; 3; 3; 3; 4; 4; 4; 4; 4M; 4; 4M; 4; 4; 4; 4; 4; 4; 4; 4; 4; 4; 4; 4; 4; 4; 4; 4; 4; 4; 4; 4; 4; 10; 10; 10; 10; 10; 10; 10; 10; 10; 10; 10; 10; 0; 0
0; 0; 0; 0; 8; 8; 8; 8; 8; 8; 8; 8; 8; 8; 8; 8; 8; 8; 8; 8; 8; 8; 8; 8; 8; 8; 8; 8; 8; 8; 3; 3; 3; 3; 3; 3; 3; 3; 3; 3; 3; 3; 3; 3; 3; 3; 3; 3; 3; 3; 3; 3; 3; 3; 3; 3; 3; 3; 4M; 4; 4; 4; 4; 4M; 4; 4; 4; 4; 4; 4; 4; 4; 4; 4; 4; 4; 4; 4; 4; 4; 4; 4; 4; 4; 4; 4; 10; 10; 10; 10; 10; 10; 10; 10; 10; 10; 0; 0; 0; 0
0; 0; 0; 8; 8; 8; 8; 8; 8; 8; 8; 8; 8; 8; 8; 8; 8; 8; 8; 8; 8; 8; 8; 8; 8; 8; 8; 8; 8; 8; 3; 3; 3; 3; 3; 3; 3; 3; 3; 3; 3; 3; 3; 3; 3; 3; 3; 3; 3; 3; 3; 3; 3; 3; 3; 3; 3; 3M; 4M; 4; 4; 4; 4M; 4M; 4; 4; 4; 4; 4; 4; 4; 4; 4; 4; 4; 4; 4; 4; 4; 4; 4; 4; 4; 4; 4; 4; 10; 10; 10; 10; 10; 10; 10; 10; 10; 10; 0; 0; 0; 0
0; 0; 0; 0; 8; 8; 8; 8; 8; 8; 8; 8; 8; 8; 8; 8; 8; 8; 8; 8; 8; 8; 8; 8; 8; 8; 8; 8; 8; 8; 3; 3; 3; 3; 3; 3; 3; 3; 3; 3; 3; 3; 3; 3; 3; 3; 3; 3; 3; 3; 3M; 3; 3; 3; 3; 3; 3; 3; 4; 4; 4; 4M; 4M; 4M; 4M; 4M; 4M; 4; 4; 4; 4; 4; 4; 4; 4; 4; 4; 4; 4; 4; 4; 4; 4; 4; 4; 4; 10; 10; 10; 10; 10; 10; 10; 10; 10; 10; 0; 0; 0; 0
0; 8; 8; 8; 8; 8; 8; 8; 8; 8; 8; 8; 8; 8; 8; 8; 8; 8; 8; 8; 8; 8; 8; 8; 8; 8; 8; 8; 8; 8; 3; 3; 3; 3; 3; 3; 3; 3; 3; 3; 3; 3; 3; 3; 3; 3; 3; 3; 3; 3; 3M; 3M; 3; 3; 3; 3; 3; 3; 4M; 4; 4; 4M; 4M; 4M; 4M; 4M; 4; 4; 4; 4; 4; 4; 4; 4; 4; 4; 4; 4; 4; 4; 4; 4; 4; 4; 4; 4; 10; 10; 10; 10; 10; 10; 10; 10; 10; 10; 10; 0; 0; 0
0; 0; 8; 8; 8; 8; 8; 8; 8; 8; 8; 8; 8; 8; 8; 8; 8; 8; 8; 8; 8; 8; 8; 8; 8; 8; 8; 8; 8; 8; 3; 3; 3; 3; 3; 3; 3; 3; 3; 3; 3; 3; 3; 3; 3; 3; 3; 3; 3; 3; 3; 3M; 3M; 3M; 3; 3; 3; 3; 4; 4; 4M; 4M; 4; 4; 4M; 4M; 4; 4; 4; 4; 4; 4; 4; 4; 4; 4; 4; 4; 4; 4; 4; 4; 4; 4; 4; 4; 10; 10; 10; 10; 10; 10; 10; 10; 10; 10; 10; 10; 10; 0
0; 8; 8; 8; 8; 8; 8; 8; 8; 8; 8; 8; 8; 8; 8; 8; 8; 8; 8; 8; 8; 8; 8; 8; 8; 8; 8; 8; 8; 8; 3P; 3; 3; 3; 3; 3; 3; 3; 3; 3; 3; 3; 3; 3; 3; 3; 3; 3; 3; 3; 3; 3; 3M; 3M; 3; 3; 3; 3; 4; 4; 4; 4M; 4M; 4M; 4; 4M; 4; 4; 4; 4; 4; 4; 4; 4; 4; 4; 4; 4; 4; 4; 4; 4; 4; 4; 4; 4; 10; 10; 10; 10; 10; 10; 10; 10; 10; 10; 0; 0; 0; 0
0; 0; 0; 0; 8; 8; 8; 8; 8; 8; 8; 8; 8; 8; 8; 8; 8; 8; 8; 8; 8; 8; 8; 8; 8; 8; 8; 8; 8; 8; 3; 3; 3; 3; 3; 3; 3; 3; 3; 3; 3; 3; 3; 3; 3; 3; 3; 3; 3; 3; 3; 3; 3M; 3; 3; 3M; 3M; 3; 4; 4; 4; 4; 4M; 4M; 4; 4; 4; 4; 4; 4; 4; 4; 4; 4; 4; 4; 4; 4; 4; 4; 4; 4; 4; 4; 4; 4; 10; 10; 10; 10; 10; 10; 10; 10; 10; 10; 10; 10; 10; 10
0; 0; 0; 8; 8; 8; 8; 8; 8; 8; 8; 8; 8; 8; 8; 8; 8; 8; 8; 8; 8; 8; 8; 8; 8; 8; 8; 8; 8; 8; 3; 3; 3; 3; 3; 3; 3; 3; 3; 3; 3; 3; 3; 3; 3; 3; 3; 3; 3; 3; 3; 3; 3; 3M; 3; 3M; 3M; 3M; 4; 4; 4; 4; 4; 4; 4; 4; 4; 4; 4; 4; 4; 4; 4; 4; 4; 4; 4; 4; 4; 4; 4; 4; 4; 4; 4; 4; 10; 10; 10; 10; 10; 10; 10; 10; 10; 10; 10; 10; 0; 0
0; 0; 8; 8; 8; 8; 8; 8; 8; 8; 8; 8; 8; 8; 8; 8; 8; 8; 8; 8; 8; 8; 8; 8; 8; 8; 8; 8; 8; 8; 3; 3; 3; 3; 3; 3; 3; 3; 3; 3; 3; 3; 3; 3; 3; 3; 3; 3; 3; 3; 3; 3; 3; 3; 3M; 3; 3; 3; 4; 4; 4; 4; 4; 4; 4; 4; 4; 4; 4; 4; 4; 4; 4; 4; 4; 4; 4; 4; 4; 4; 4; 4; 4; 4; 4; 4; 10; 10; 10; 10; 10; 10; 10; 10; 10; 10; 10; 0; 0; 0
0; 0; 0; 0; 8; 8; 8M; 8M; 8; 8; 8; 8; 8; 8; 8; 8; 8; 8; 8; 8; 8; 8; 8; 8; 8; 8; 8; 8; 8; 8; 3; 3; 3; 3; 3; 3; 3; 3; 3; 3; 3; 3; 3; 3; 3; 3; 3; 3; 3; 3; 3; 3; 3; 3; 3; 3; 3; 3; 4; 4; 4; 4; 4; 4; 4; 4; 4; 4; 4; 4; 4; 4; 4; 4; 4; 4; 4; 4; 4; 4; 4; 4; 4; 4; 4; 4; 10; 10; 10; 10; 10; 10; 10; 10; 10; 10; 0; 0; 0; 0
0; 0; 0; 8; 8; 8; 8; 8M; 8M; 8; 8; 8; 8; 8; 8; 8; 8; 8; 8; 8M; 8M; 8; 8; 8; 8; 8; 8; 8; 8; 8; 3; 3; 3; 3; 3; 3; 3; 3; 3; 3; 3; 3; 3; 3; 3; 3; 3; 3; 3; 3; 3; 3; 3; 3; 3; 3; 3; 3; 4; 4; 4; 4; 4; 4; 4; 4; 4; 4; 4; 4; 4; 4; 4; 4; 4; 4; 4; 4; 4; 4; 4; 4; 4; 4; 4; 4; 10; 10; 10; 10; 10; 10; 10; 10; 10; 10; 10; 10; 0; 0
0; 0; 8; 8; 8; 8; 8; 8M; 8; 8; 8; 8; 8; 8; 8; 8; 8; 8; 8; 8M; 8M; 8; 8; 8; 8; 8; 8; 8; 8; 8; 3; 3; 3; 3; 3; 3; 3; 3; 3; 3; 3; 3; 3; 3; 3; 3; 3; 3; 3; 3; 3M; 3; 3; 3; 3; 3; 3; 3; 4; 4; 4; 4; 4; 4; 4; 4; 4; 4; 4; 4; 4; 4; 4; 4; 4; 4; 4; 4; 4; 4; 4; 4; 4; 4; 4; 4; 10; 10; 10; 10; 10; 10; 10; 10; 10; 10; 0; 0; 0; 0
0; 0; 0; 8; 8; 8; 8; 8M; 8; 8; 8; 8M; 8; 8M; 8M; 8M; 8; 8M; 8M; 8M; 8M; 8; 8; 8; 8; 8; 8; 8; 8; 8; 3; 3; 3; 3; 3; 3; 3; 3; 3; 3; 3; 3; 3; 3; 3; 3; 3; 3; 3; 3M; 3M; 3; 3; 3; 3; 3; 3; 3; 4; 4; 4; 4; 4; 4; 4; 4; 4; 4; 4; 4; 4; 4; 4; 4; 4; 4; 4; 4; 4; 4; 4; 4; 4; 4; 4; 4; 10; 10; 10; 10; 10; 10; 10; 10; 10; 10; 0; 0; 0; 0
0; 0; 0; 8; 8; 8; 8; 8; 8M; 8; 8M; 8M; 8M; 8; 8M; 8M; 8M; 8M; 8M; 8M; 8; 8; 8; 8; 8; 8; 8; 8; 8; 8; 3; 3; 3; 3; 3; 3; 3; 3; 3; 3; 3; 3; 3; 3; 3; 3; 3; 3; 3M; 3M; 3M; 3M; 3; 3; 3; 3; 3; 3; 4; 4; 4; 4; 4; 4; 4; 4; 4; 4; 4; 4; 4; 4; 4; 4; 4; 4; 4; 4; 4; 4; 4; 4; 4; 4; 4; 4; 10; 10; 10; 10; 10; 10; 10; 10; 10; 10; 10; 10; 0; 0
0; 0; 0; 8; 8; 8; 8; 8; 8; 8M; 8M; 8M; 8; 8; 8; 8; 8; 8; 8M; 8M; 8M; 8; 8; 8; 8; 8; 8; 8; 8; 8; 7; 7; 7; 7; 9; 9; 9; 9; 9; 9; 9; 9; 9; 9; 9; 9; 9; 9; 9; 9; 9M; 9M; 9M; 9; 9; 9; 9; 9; 9; 9; 9; 9; 2; 2; 2; 2; 2; 2; 2; 2; 2; 2; 2; 2; 2; 2; 10; 10; 10; 10; 10; 10; 10; 10; 10; 10; 10; 10; 10; 10; 10; 10; 10; 10; 10; 10; 10; 10; 0; 0
0; 0; 0; 0; 5; 7; 7; 7; 7; 7; 7M; 7M; 7; 7; 7; 7; 7; 7; 7; 7; 7; 7; 7; 7; 7; 7P; 7; 7; 7; 7; 7; 7; 7; 7; 9; 9; 9; 9; 9; 9; 9; 9; 9; 9; 9; 9; 9; 9; 9; 9; 9M; 9M; 9; 9M; 9M; 9; 9; 9; 9; 9; 9; 9; 2; 2; 2; 2; 2; 2; 2; 2; 2; 2; 2; 2; 2; 2; 10; 10; 10; 10; 10; 10; 10; 10; 10; 10; 10; 10; 10; 10; 10; 10; 10; 10; 10; 10; 0; 0; 0; 0
0; 0; 0; 0; 5; 7; 7; 7; 7; 7; 7; 7; 7; 7; 7; 7; 7; 7; 7; 7; 7; 7; 7; 7; 7; 7; 7; 7; 7; 7; 7; 7; 7; 7; 9; 9; 9; 9; 9; 9; 9; 9; 9; 9; 9; 9; 9; 9; 9; 9; 9M; 9; 9M; 9M; 9; 9M; 9; 9; 9; 9; 9; 9; 2; 2; 2; 2; 2; 2; 2; 2; 2; 2; 2; 2; 2; 2; 10; 10; 10; 10; 10; 10; 10; 10; 10; 10; 10; 10; 10; 10; 10; 10; 10; 10; 10; 10; 10; 10; 0; 0
0; 0; 0; 5; 5; 7; 7; 7; 7; 7; 7; 7; 7; 7; 7; 7; 7; 7; 7; 7; 7; 7; 7; 7; 7; 7; 7; 7; 7; 7; 7; 7; 7; 7; 9; 9; 9; 9; 9; 9; 9; 9; 9; 9; 9; 9; 9; 9; 9; 9; 9; 9; 9M; 9M; 9M; 9M; 9; 9; 9; 9; 9; 9; 2; 2; 2; 2; 2; 2; 2; 2; 2; 2; 2; 2; 2; 2; 10; 10; 10; 10; 10; 10; 10; 10; 10; 10; 10; 10; 10; 10; 10; 10; 10; 10; 10; 10; 10; 10; 10; 0
0; 0; 0; 5; 5; 7; 7; 7; 7; 7; 7; 7; 7; 7; 7; 7; 7; 7; 7; 7; 7; 7; 7; 7; 7; 7; 7; 7; 7; 7; 7; 7; 7; 7; 9; 9; 9; 9; 9; 9; 9; 9; 9; 9; 9; 9; 9; 9; 9; 9; 9; 9; 9; 9; 9M; 9; 9M; 9; 9; 9; 9; 9; 2; 2; 2; 2; 2; 2; 2; 2; 2; 2; 2; 2; 2; 2; 10; 10; 10; 10; 10; 10; 10; 10; 10; 10; 10; 10; 10; 10; 10; 10; 10; 10; 10; 10; 10; 10; 10; 0
0; 0; 5; 5; 5; 7; 7; 7; 7; 7; 7; 7; 7; 7; 7; 7; 7; 7; 7; 7; 7; 7; 7; 7; 7; 7; 7; 7; 7; 7; 7; 7; 7; 7; 9; 9; 9; 9; 9; 9; 9; 9; 9; 9; 9; 9; 9; 9; 9; 9; 9; 9; 9; 9; 9; 9M; 9M; 9M; 9; 9; 9; 9; 9; 2; 2; 2; 2; 2; 2; 2; 2; 2; 2; 2; 2; 2; 10; 10; 10; 10; 10; 10; 10; 10; 10; 10; 10; 10; 10; 10; 10; 10; 10; 10; 10; 10; 10; 10; 10; 0
0; 0; 0; 5; 5; 7; 7; 7; 7; 7; 7; 7; 7; 7; 7; 7; 7; 7; 7; 7; 7; 7; 7; 7; 7; 7; 7; 7; 7; 7; 7; 7; 7; 7; 9; 9; 9; 9; 9; 9; 9; 9; 9; 9; 9; 9; 9; 9; 9; 9; 9; 9; 9; 9; 9; 9; 9; 9; 9; 9; 9; 9; 9; 2; 2; 2; 2; 2; 2; 2; 2; 2; 2; 2; 2; 2; 10; 10; 10; 10; 10; 10; 10; 10; 10; 10; 10; 10; 10; 10; 10; 10; 10; 10; 10; 10; 10; 10; 0; 0
0; 0; 0; 5; 5; 7; 7; 7; 7; 7; 7; 7; 7; 7; 7; 7; 7; 7; 7; 7; 7; 7; 7; 7; 7; 7; 7; 7; 7; 7; 7; 7; 7; 7; 9; 9; 9; 9; 9; 9; 9; 9; 9; 9; 9; 9; 9; 9; 9; 9; 9; 9; 9; 9; 9; 9; 9; 9; 9; 9; 9; 9; 9; 2; 2; 2; 2; 2; 2; 2; 2; 2; 2; 2; 2; 2; 10; 10; 10; 10; 10; 10; 10; 10; 10; 10; 10; 10; 10; 10; 10; 10; 10; 10; 10; 10; 10; 10; 0; 0
0; 0; 0; 5; 5; 7; 7; 7; 7; 7; 7; 7; 7; 7; 7; 7; 7; 7; 7; 7; 7; 7; 7; 7; 7; 7; 7; 7; 7; 7; 7; 7; 7; 7; 9; 9; 9; 9; 9; 9; 9; 9; 9; 9; 9; 9; 9; 9; 9; 9; 9; 9; 9; 9; 9; 9; 9; 9; 9; 9; 9; 9; 9; 2; 2; 2; 2; 2; 2; 2; 2; 2; 2; 2; 2; 2; 10; 10; 10; 10; 10; 10; 10; 10; 10; 10; 10; 10; 10; 10; 10; 10; 10; 10; 10; 10; 10; 10; 0; 0
0; 5; 5; 5; 5; 7; 7; 7; 7; 7; 7; 7; 7; 7; 7; 7; 7; 7; 7; 7; 7; 7; 7; 7; 7; 7; 7; 7; 7; 7; 7; 7; 7; 7; 9; 9; 9; 9; 9; 9; 9; 9; 9; 9; 9; 9; 9; 9; 9; 9; 9; 9; 9; 9; 9; 9; 9; 9; 9; 9; 9; 9; 9; 2; 2; 2; 2; 2; 2; 2; 2; 2; 2P; 2; 2; 2; 10; 10; 10; 10; 10; 10; 10; 10; 10; 10; 10; 10; 10; 10; 10; 10; 10; 10; 10; 10; 0; 0; 0; 0
0; 0; 5; 5; 5; 7; 7; 7; 7; 7; 7; 7; 7; 7; 7; 7; 7; 7; 7; 7; 7; 7; 7; 7; 7; 7; 7; 7; 7; 7; 7; 7; 7; 7; 9; 9; 9; 9; 9; 9; 9; 9; 9; 9; 9; 9; 9; 9; 9; 9; 9; 9; 9; 9; 9; 9; 9; 9; 9; 9; 9; 9; 9; 2; 2; 2; 2; 2; 2; 2; 2; 2; 2; 2; 2; 2; 10; 10; 10; 10; 10; 10; 10; 10; 10; 10; 10; 10; 10; 10; 10; 10; 10; 10; 10; 10; 10; 0; 0; 0
0; 0; 0; 0; 5; 5; 7; 7; 7; 7; 7; 7; 7; 7; 7; 7; 7; 7; 7; 7; 7; 7; 7; 7; 7; 7; 7; 7; 7; 7; 7; 7; 7; 7; 9; 9; 9; 9; 9; 9; 9; 9; 9; 9; 9; 9; 9; 9; 9; 9; 9; 9; 9; 9; 9; 9; 9; 9; 9; 9; 9; 9; 9; 2; 2; 2; 2; 2; 2; 2; 2; 2; 2; 2; 2; 2; 10; 10; 10; 10; 10; 10; 10; 10; 10; 10; 10; 10; 10; 10; 10; 10; 10; 10; 10; 10; 10; 0; 0; 0
0; 0; 0; 5; 5; 5; 7; 7; 7; 7; 7; 7; 7; 7; 7; 7; 7; 7; 7; 7; 7; 7; 7; 7; 7; 7; 7; 7; 7; 7; 7; 7; 7; 7; 9; 9; 9; 9; 9; 9; 9; 9; 9; 9; 9; 9; 9; 9; 9; 9; 9; 9; 9; 9; 9; 9; 9; 9; 9; 9; 9; 9; 9; 2; 2; 2; 2; 2; 2; 2; 2; 2; 2; 2; 2; 2; 10; 10; 10; 10; 10; 10; 10; 10; 10; 10; 10; 10; 10; 10; 10; 10; 10; 10; 10; 10; 0; 0; 0; 0
0; 0; 0; 0; 5; 5; 7; 7; 7; 7; 7; 7; 7; 7; 7; 7; 7; 7; 7; 7; 7; 7; 7; 7; 7; 7; 7; 7; 7; 7; 7; 7; 7; 7; 9; 9; 9; 9; 9; 9; 9; 9; 9; 9; 9; 9; 9; 9; 9; 9; 9; 9; 9; 9; 9; 9; 9; 9; 9; 9; 9; 9; 9; 2; 2; 2; 2; 2; 2; 2; 2; 2; 2; 2; 2; 2; 10; 10; 10; 10; 10; 10; 10; 10; 10; 10; 10; 10; 10; 10; 10; 10; 10; 10; 10; 10; 0; 0; 0; 0
0; 5; 5; 5; 5; 5; 7; 7; 7; 7; 7; 7; 7; 7; 7; 7; 7; 7; 7; 7; 7; 7; 7; 7; 7; 7; 7; 7; 7; 7; 7; 7; 7; 7; 9; 9; 9; 9; 9; 9; 9; 9; 9; 9; 9; 9; 9; 9; 9; 9; 9; 9; 9; 9; 9; 9; 9; 9; 9; 9; 9; 9M; 9M; 2; 2; 2; 2; 2; 2; 2; 2; 2; 2; 2; 2; 2; 10; 10; 10; 10; 10; 10; 10; 10; 10; 10; 10; 10; 10; 10; 10; 10; 10; 10; 10; 10; 10; 10; 0; 0
0; 0; 5; 5; 5; 5; 7; 7; 7; 7; 7; 7; 7; 7; 7; 7; 7; 7; 7; 7; 7; 7; 7; 7; 7; 7; 7; 7; 7; 7; 7; 7; 7; 7; 9; 9; 9; 9; 9; 9; 9; 9; 9; 9; 9; 9; 9; 9; 9; 9; 9; 9; 9; 9; 9; 9; 9; 9; 9; 9; 9; 9M; 9M; 2; 2; 2; 2; 2; 2; 2; 2; 2; 2; 2; 2; 2; 10; 10; 10; 10; 10; 10; 10; 10; 10; 10; 10; 10; 10; 10; 10; 10; 10; 10; 10; 10; 10; 0; 0; 0
0; 0; 0; 5; 5; 5; 7; 7; 7; 7; 7; 7; 7; 7; 7; 7; 7; 7; 7; 7; 7; 7; 7; 7; 7; 7; 7; 7; 7; 7; 7; 7; 7; 7; 9; 9; 9; 9; 9; 9; 9; 9; 9; 9; 9; 9; 9; 9; 9; 9; 9; 9; 9; 9; 9; 9; 9; 9; 9; 9; 9; 9M; 9; 2; 2; 2; 2; 2; 2; 2; 2; 2; 2; 2; 2; 2; 10; 10; 10; 10; 10; 10; 10; 10; 10; 10; 10; 10; 10; 10; 10; 10; 10; 10; 10; 10; 10; 10; 10; 0
0; 5; 5; 5; 5; 5; 7; 7; 7; 7; 7; 7; 7; 7; 7; 7; 7; 7; 7; 7; 7; 7; 7; 7; 7; 7; 7; 7; 7; 7; 7; 7; 7; 7; 9; 9; 9; 9; 9; 9; 9; 9; 9; 9; 9; 9; 9; 9; 9; 9; 9; 9; 9; 9; 9; 9; 9; 9; 9; 9; 9; 9; 9; 2; 2; 2; 2; 2; 2; 2; 2; 2; 2; 2; 2; 2; 10; 10; 10; 10; 10; 10; 10; 10; 10; 10; 10; 10; 10; 10; 10; 10; 10; 10; 10; 10; 10; 10; 0; 0
0; 0; 0; 5; 5; 5; 7; 7; 7; 7; 7; 7; 7; 7; 7; 7; 7; 7; 7; 7; 7; 7; 7; 7; 7; 7; 7; 7; 7; 7; 7; 7; 7; 7; 9; 9; 9; 9; 9; 9; 9; 9; 9; 9; 9; 9; 9; 9; 9; 9; 9; 9; 9; 9; 9; 9; 9; 9; 9; 9; 9; 9; 9; 2; 2; 2; 2; 2; 2; 2; 2; 2; 2; 2; 2; 2; 2; 10; 10; 10; 10; 10; 10; 10; 10; 10; 10; 10; 10; 10; 10; 10; 10; 10; 10; 10; 10; 0; 0; 0
0; 0; 0; 5; 5; 5; 7; 7; 7; 7; 7; 7; 7; 7; 7; 7; 7; 7; 7; 7; 7; 7; 7; 7; 7; 7; 7; 7; 7; 7; 7; 7; 7; 7; 9; 9; 9; 9; 9; 9; 9; 9; 9; 9; 9; 9; 9; 9; 9; 9; 9; 9; 9; 9; 9; 9; 9; 9; 9; 9; 9; 9; 9; 2; 2; 2; 2; 2; 2; 2; 2; 2; 2; 2; 2; 2; 2; 10; 10; 10; 10; 10; 10; 10; 10; 10; 10; 10; 10; 10; 10; 10; 10; 10; 10; 10; 10; 10; 0; 0
0; 0; 5; 5; 5; 5; 7; 7; 7; 7; 7; 7; 7; 7; 7; 7; 7; 7; 7; 7; 7; 7; 7; 7; 7; 7; 7; 7; 7; 7; 7; 7; 7; 7; 9; 9; 9; 9; 9; 9; 9; 9; 9; 9; 9; 9; 9; 9; 9; 9; 9; 9; 9; 9; 9; 9; 9; 9; 9; 9; 9; 9; 9; 2; 2; 2; 2; 2; 2; 2; 2; 2; 2; 2; 2; 2; 2; 10; 10; 10; 10; 10; 10; 10; 10; 10; 10; 10; 10; 10; 10; 10; 10; 10; 10; 10; 0; 0; 0; 0
0; 0; 0; 0; 5; 5; 7; 7; 7; 7; 7; 7; 7; 7; 7; 7; 7; 7; 7; 7; 7; 7; 7; 7; 7; 7; 7; 7; 7; 7; 7; 7; 7; 7; 9; 9; 9; 9; 9; 9; 9; 9; 9; 9; 9; 9; 9; 9; 9; 9; 9; 9; 9; 9; 9; 9; 9; 9; 9; 9; 9; 9; 9; 2; 2; 2; 2; 2; 2; 2; 2; 2; 2; 2; 2; 2; 2; 10; 10; 10; 10; 10; 10; 10; 10; 10; 10; 10; 10P; 10; 10; 10; 10; 10; 10; 10; 10; 10; 0; 0
0; 0; 5; 5; 5; 5; 7; 7; 7; 7; 7; 7; 7; 7; 7; 7; 7; 7; 7; 7; 7; 7; 7; 7; 7; 7; 7; 7; 7; 7; 7; 7; 7; 7; 9; 9; 9; 9; 9; 9; 9; 9; 9; 9; 9; 9; 9; 9; 9; 9; 9; 9; 9; 9; 9; 9; 9; 9; 9; 9; 9; 9; 9; 2; 2; 2; 2; 2; 2; 2; 2; 2; 2; 2; 2; 2; 2; 2; 2; 2; 2; 2; 2; 2; 2; 2; 2; 2; 2; 2; 2; 2; 2; 2; 2; 2; 2; 0; 0; 0
0; 0; 5; 5; 5; 5; 7; 7; 7; 7; 7; 7; 7; 7; 7; 7; 7; 7; 7M; 7; 7; 7; 7; 7; 7; 7; 7; 7; 7; 7; 7; 7; 7; 7; 9; 9; 9; 9; 9; 9; 9; 9; 9; 9; 9; 9; 9; 9; 9; 9; 9; 9; 9; 9; 9; 9; 9; 9; 9; 9; 9; 9; 9; 2; 2; 2; 2; 2; 2; 2; 2; 2; 2; 2; 2; 2; 2; 2; 2; 2; 2; 2; 2; 2; 2; 2; 2; 2; 2; 2; 2; 2; 2; 2; 2; 2; 2; 2; 0; 0
0; 0; 0; 0; 5; 5; 7; 7; 7; 7; 7; 7; 7; 7; 7; 7; 7; 7; 7M; 7M; 7; 7; 7; 7; 7; 7; 7; 7; 7; 7; 7; 7; 7; 7; 7; 9; 9; 9; 9; 9; 9; 9; 9; 9; 9; 9; 9; 9; 9; 9; 9; 9; 9; 9; 9; 9; 9; 9; 9; 9; 9; 9; 9; 2; 2; 2; 2; 2; 2; 2; 2; 2; 2; 2; 2; 2; 2; 2; 2; 2; 2; 2; 2; 2; 2; 2; 2; 2; 2; 2; 2; 2; 2; 2; 2; 2; 0; 0; 0; 0
0; 0; 0; 5; 5; 5; 7; 7; 7; 7; 7; 7; 7; 7; 7; 7; 7; 7; 7M; 7; 7; 7; 7; 7; 7; 7; 7; 7; 7; 7; 7; 7; 7; 7; 7; 9; 9; 9; 9; 9; 9; 9; 9; 9; 9; 9; 9; 9; 9; 9; 9; 9; 9; 9; 9; 9; 9; 9; 9; 9; 9; 9; 9; 2; 2; 2; 2; 2; 2; 2; 2; 2; 2; 2; 2; 2; 2; 2; 2; 2; 2; 2; 2; 2; 2; 2; 2; 2; 2; 2; 2; 2; 2; 2; 2; 2; 2; 2; 0; 0
0; 0; 0; 0; 5; 5; 7; 7; 7; 7; 7; 7; 7; 7; 7; 7; 7; 7; 7; 7; 7; 7; 7; 7; 7; 7; 7; 7; 7; 7; 7; 7; 7; 7; 7; 9; 9; 9; 9; 9; 9; 9; 9; 9; 9; 9; 9; 9; 9; 9; 9; 9; 9; 9; 9; 9; 9; 9; 9; 9; 9; 9; 9; 2; 2; 2; 2; 2; 2; 2; 2; 2; 2; 2; 2; 2; 2; 2; 2; 2; 2; 2; 2; 2; 2; 2; 2; 2; 2; 2; 2; 2; 2; 2; 2; 2; 2; 2; 0; 0
0; 0; 0; 0; 5; 5; 7; 7; 7; 7; 7; 7; 7; 7; 7; 7; 7; 7; 7; 7; 7; 7; 7; 7; 7; 7; 7; 7; 7; 7; 7; 7; 7; 7; 7; 1; 1; 1; 1; 1; 1; 11; 11; 11; 11; 11; 11; 11; 11; 11; 11; 11; 11; 11; 11; 11; 11; 11; 11; 11; 11; 11; 11; 2; 2; 2; 2; 2; 2; 2; 2; 2; 2; 2; 2; 2; 2; 2; 2; 2; 2; 2; 2; 2; 2; 2; 2; 2; 2; 2; 2; 2; 2; 2; 2; 2; 2; 0; 0; 0
0; 0; 0; 0; 5; 5; 5; 5; 5; 5; 5; 5; 5; 5; 5; 5; 5; 5; 5; 5; 5; 5; 5; 5; 5; 5; 5; 5; 5; 1; 1; 1; 1; 1P; 1; 1; 1; 1; 1; 1; 1; 11; 11; 11; 11; 11; 11; 11; 11; 11; 11; 11; 11; 11; 11; 11; 11; 11; 11; 11; 11; 11; 11; 2; 2; 2; 2; 2; 2; 2; 2; 2; 2; 2; 2; 2; 2; 2; 2; 2; 2; 2; 2; 2; 2; 2; 2; 2; 2; 2; 2; 2; 2; 2; 2; 2; 2; 2; 0; 0
0; 0; 5; 5; 5; 5; 5; 5; 5; 5; 5; 5; 5; 5; 5; 5; 5; 5; 5; 5; 5; 5; 5; 5; 5; 5; 5; 5; 5; 1; 1; 1; 1; 1; 1; 1; 1; 1; 1; 1; 1; 11; 11; 11; 11; 11; 11; 11; 11; 11; 11; 11; 11; 11; 11; 11; 11; 11; 11; 11; 11; 11; 11; 2; 2; 2; 2; 2; 2; 2; 2; 2; 2; 2; 2; 2; 2; 2; 2; 2; 2; 2; 2; 2; 2; 2; 2; 2; 2; 2; 2; 2; 2; 2; 2; 2; 2; 0; 0; 0
0; 0; 0; 0; 5; 5; 5; 5; 5; 5; 5; 5; 5; 5; 5; 5; 5; 5; 5; 5; 5; 5; 5; 5; 5; 5; 5; 5; 5; 1; 1; 1; 1; 1; 1; 1; 1; 1; 1; 1; 1; 11; 11; 11; 11; 11; 11; 11; 11; 11; 11; 11; 11; 11; 11; 11; 11; 11; 11; 11; 11; 11; 11; 2; 2; 2; 2; 2; 2; 2; 2; 2; 2; 2; 2; 2; 2; 2; 2; 2; 2; 2; 2; 2; 2; 2; 2; 2; 2; 2; 2; 2; 2; 2; 2; 2; 2; 0; 0; 0
0; 0; 5; 5; 5; 5; 5; 5; 5; 5; 5; 5; 5; 5; 5; 5; 5; 5; 5; 5; 5; 5; 5; 5; 5; 5; 5; 5; 5; 1; 1; 1; 1; 1; 1; 1; 1; 1; 1; 1; 1; 11; 11; 11; 11; 11; 11; 11; 11; 11; 11; 11; 11; 11; 11; 11; 11; 11; 11; 11; 11; 11; 11; 2; 2; 2; 2; 2; 2; 2; 2; 2; 2; 2; 2; 2; 2; 2; 2; 2; 2; 2; 2; 2; 2; 2; 2; 2; 2; 2; 2; 2; 2; 2; 2; 2; 2; 0; 0; 0
0; 0; 0; 5; 5; 5; 5; 5; 5; 5; 5; 5; 5; 5; 5; 5; 5; 5; 5; 5; 5; 5; 5; 5; 5; 5; 5; 5; 5; 1; 1; 1; 1; 1; 1; 1; 1; 1; 1; 1; 1; 11; 11; 11; 11; 11; 11; 11; 11; 11; 11; 11; 11; 11; 11; 11; 11; 11; 11; 11; 11; 11; 11; 2; 2; 2; 2; 2; 2; 2; 2; 2; 2; 2; 2; 2; 2; 2; 2; 2; 2; 2; 2; 2; 2; 2; 2; 2; 2; 2; 2; 2; 2; 2; 2; 2; 2; 0; 0; 0
0; 0; 0; 0; 5; 5; 5; 5; 5; 5; 5; 5; 5; 5; 5; 5; 5; 5; 5; 5; 5; 5; 5; 5; 5; 5; 5; 5; 5; 1; 1; 1; 1; 1; 1; 1; 1; 1; 1; 1; 1; 11; 11; 11; 11; 11; 11; 11; 11; 11; 11; 11; 11; 11; 11; 11; 11; 11; 11; 11; 11; 11; 11; 2; 2; 2; 2; 2; 2; 2; 2; 2; 2; 2; 2; 2; 2; 2; 2; 2; 2; 2; 2; 2; 2; 2; 2; 2; 2; 2; 2; 2; 2; 2; 2; 2; 0; 0; 0; 0
0; 0; 5; 5; 5; 5; 5; 5; 5; 5; 5; 5; 5; 5; 5; 5; 5; 5; 5; 5; 5; 5; 5; 5; 5; 5; 5; 5; 5; 1; 1; 1; 1; 1; 1; 1; 1; 1; 1; 1; 1; 11; 11; 11; 11; 11; 11; 11; 11; 11; 11; 11; 11; 11; 11; 11; 11; 11; 11; 11; 11; 11; 11; 2; 2; 2; 2; 2; 2; 2; 2; 2; 2; 2; 2; 2; 2; 2; 2; 2; 2; 2; 2; 2; 2; 2; 2; 2; 2; 2; 2; 2; 2; 2; 2; 2; 2; 0; 0; 0
0; 0; 0; 5; 5; 5; 5; 5; 5; 5; 5; 5; 5; 5; 5; 5; 5; 5; 5; 5; 5; 5; 5; 5; 5; 5; 5; 5; 5; 1; 1; 1; 1; 1; 1; 1; 1; 1; 1; 1; 1; 11; 11; 11; 11; 11; 11; 11; 11; 11; 11; 11; 11; 11; 11; 11; 11; 11; 11; 11; 11; 11; 11; 2; 2; 2; 2; 2; 2; 2; 2; 2; 2; 2; 2; 2; 2; 2; 2; 2; 2; 2; 2; 2; 2; 2; 2; 2; 2; 2; 2; 2; 2; 2; 2; 2; 2; 2; 0; 0
0; 5; 5; 5; 5; 5; 5; 5; 5; 5; 5; 5; 5; 5; 5; 5; 5; 5; 5; 5; 5; 5; 5; 5; 5; 5; 5; 5; 5; 1; 1; 1; 1; 1; 1; 1; 1; 1; 1; 1; 1; 11; 11; 11; 11; 11; 11; 11; 11; 11; 11; 11; 11; 11; 11; 11; 11; 11; 11; 11; 11; 11; 11; 11; 11; 11; 11; 11; 11; 11; 12; 12; 12; 12; 12; 12; 12; 12; 12; 12; 12; 12; 12; 12; 12; 12; 12; 12; 12; 12; 12; 12; 12; 12; 12; 12; 0; 0; 0; 0
0; 0; 5; 5; 5; 5; 5; 5; 5; 5; 5; 5; 5; 5; 5; 5; 5; 5; 5; 5; 5; 5; 5; 5; 5; 5; 5; 5; 5; 1; 1; 1; 1; 1; 1; 1; 1; 1; 1; 1; 1; 11; 11; 11; 11; 11; 11; 11; 11; 11; 11; 11; 11; 11; 11; 11; 11; 11; 11; 11; 11; 11; 11; 11; 11; 11; 11; 11; 11; 11; 12; 12; 12; 12; 12; 12; 12; 12; 12; 12; 12; 12; 12; 12; 12; 12; 12; 12; 12; 12; 12; 12; 12; 12; 12; 12; 0; 0; 0; 0
0; 0; 0; 0; 5; 5; 5; 5; 5; 5; 5; 5; 5; 5; 5; 5; 5; 5; 5; 5; 5; 5; 5; 5; 5; 5; 5; 5; 5; 1; 1; 1; 1; 1; 1; 1; 1; 1; 1; 1; 1; 11; 11; 11; 11; 11; 11; 11; 11; 11; 11; 11; 11; 11; 11; 11; 11; 11; 11; 11; 11; 11; 11; 11; 11; 11; 11; 11; 11; 11; 12; 12; 12; 12; 12; 12; 12; 12; 12; 12; 12; 12; 12; 12; 12; 12; 12; 12; 12; 12; 12; 12; 12; 12; 12; 12; 12; 12; 0; 0
0; 0; 5; 5; 5; 5; 5; 5; 5; 5; 5; 5; 5; 5; 5; 5; 5; 5; 5; 5; 5; 5; 5; 5; 5; 5; 5; 5; 5; 1; 1; 1; 1; 1; 1; 1; 1; 1; 1; 1; 1; 11; 11; 11; 11; 11; 11; 11; 11; 11P; 11; 11; 11; 11; 11; 11; 11; 11; 11; 11; 11; 11; 11; 11; 11; 11; 11; 11; 11; 11; 12; 12; 12; 12; 12; 12; 12; 12; 12; 12; 12; 12; 12; 12; 12; 12; 12; 12; 12; 12; 12; 12; 12; 12; 12; 12; 12; 12; 0; 0
0; 0; 5; 5; 5; 5; 5; 5; 5; 5; 5; 5; 5; 5; 5; 5; 5; 5; 5; 5; 5; 5; 5; 5; 5; 5; 5; 5; 5; 1; 1; 1; 1; 1; 1; 1; 1; 1; 1; 1; 1; 11; 11; 11; 11; 11; 11; 11; 11; 11; 11; 11; 11; 11; 11; 11; 11; 11; 11; 11; 11; 11; 11; 11; 11; 11; 11; 11; 11; 11; 12; 12; 12; 12; 12; 12; 12; 12; 12; 12; 12; 12; 12; 12; 12; 12; 12; 12; 12; 12; 12; 12; 12; 12; 12; 12; 12; 0; 0; 0
0; 0; 0; 0; 5; 5; 5; 5; 5; 5; 5; 5; 5; 5; 5; 5; 5; 5; 5; 5; 5; 5; 5; 5; 5; 5; 5; 5; 5; 1; 1; 1; 1; 1; 1; 1; 1; 1; 1; 1; 1; 11; 11; 11; 11; 11; 11; 11; 11; 11; 11; 11; 11; 11; 11; 11; 11; 11; 11; 11; 11; 11; 11; 11; 11; 11; 11; 11; 11; 11; 12; 12; 12; 12; 12; 12; 12; 12; 12; 12; 12; 12; 12; 12; 12; 12; 12; 12; 12; 12; 12; 12; 12; 12; 12; 12; 0; 0; 0; 0
0; 0; 0; 5; 5; 5; 5; 5; 5; 5; 5; 5; 5; 5; 5; 5; 5; 5; 5; 5; 5; 5; 5; 5; 5; 5; 5; 5; 5; 1; 1; 1; 1; 1; 1; 1; 1; 1; 1; 1; 1; 11; 11; 11; 11; 11; 11; 11; 11; 11; 11; 11; 11; 11; 11; 11; 11; 11; 11; 11; 11; 11; 11; 11; 11; 11; 11; 11; 11; 11; 12; 12; 12; 12; 12; 12; 12; 12; 12; 12; 12; 12; 12; 12; 12; 12; 12; 12; 12; 12; 12; 12; 12; 12; 12; 12; 12; 12; 0; 0
0; 0; 0; 0; 5; 5; 5; 5; 5; 5; 5; 5; 5; 5; 5; 5; 5; 5; 5; 5; 5; 5; 5; 5; 5; 5; 5; 5; 5; 1; 1; 1; 1; 1; 1; 1; 1; 1; 1; 1; 1; 11; 11; 11; 11; 11; 11; 11; 11; 11; 11; 11; 11; 11; 11; 11; 11; 11; 11; 11; 11; 11; 11; 11; 11; 11; 11; 11; 11; 12; 12; 12; 12; 12; 12; 12; 12; 12; 12; 12; 12; 12; 12; 12; 12; 12; 12; 12; 12; 12; 12; 12; 12; 12; 12; 12; 12; 12; 0; 0
0; 0; 0; 5; 5; 5; 5; 5; 5; 5; 5; 5; 5; 5; 5; 5; 5; 5; 5; 5; 5; 5; 5; 5; 5; 5; 5; 5; 5; 1; 1; 1; 1; 1; 1; 1; 1; 1; 1; 1; 1; 11; 11; 11; 11; 11; 11; 11; 11; 11; 11; 11; 11; 11; 11; 11; 11; 11; 11; 11; 11; 11; 11; 11; 11; 11; 11; 11; 11; 12; 12; 12; 12; 12; 12; 12; 12; 12; 12; 12; 12; 12; 12; 12; 12; 12; 12; 12; 12; 12; 12; 12; 12; 12; 12; 12; 12; 12; 0; 0
0; 0; 0; 0; 5; 5; 5; 5; 5; 5; 5; 5; 5; 5; 5; 5; 5; 5; 5; 5; 5; 5; 5; 5; 5; 5; 5; 5; 5; 1; 1; 1; 1; 1; 1; 1; 1; 1; 1; 1; 1; 11; 11; 11; 11; 11; 11; 11; 11; 11; 11; 11; 11; 11; 11; 11; 11; 11; 11; 11; 11; 11; 11; 11; 11; 11; 11; 11; 11; 12; 12; 12; 12; 12; 12; 12; 12; 12; 12; 12; 12; 12; 12; 12; 12; 12; 12; 12; 12; 12; 12; 12; 12; 12; 12; 12; 12; 0; 0; 0
0; 0; 0; 5; 5; 5; 5; 5; 5; 5; 5; 5; 5; 5; 5; 5; 5; 5; 5; 5; 5; 5; 5; 5; 5; 5; 5; 5; 5; 1; 1; 1; 1; 1; 1; 1; 1; 1; 1; 1; 11; 11; 11; 11; 11; 11; 11; 11; 11; 11; 11; 11; 11; 11; 11; 11; 11; 11; 11; 11; 11; 11; 11; 11; 11; 11; 11; 11; 11; 12; 12; 12; 12; 12; 12; 12; 12; 12; 12; 12; 12; 12; 12; 12; 12; 12; 12; 12; 12; 12; 12; 12; 12; 12; 12; 12; 12; 0; 0; 0
0; 0; 0; 0; 5; 5; 5; 5; 5; 5; 5; 5; 5; 5; 5; 5; 5; 5; 5; 5; 5; 5; 5; 5; 5; 5; 5; 5; 5; 1; 1; 1; 1; 1; 1; 1; 1; 1; 1; 1; 11; 11; 11; 11; 11; 11; 11; 11; 11; 11; 11; 11; 11; 11; 11; 11; 11; 11; 11; 11; 11; 11; 11; 11; 11; 11; 11; 11; 11; 12; 12; 12; 12; 12; 12; 12; 12; 12; 12; 12; 12; 12; 12; 12; 12; 12; 12; 12; 12; 12; 12; 12; 12; 12; 12; 12; 0; 0; 0; 0
0; 0; 0; 0; 5; 5; 5; 5; 5; 5; 5; 5; 5; 5; 5; 5; 5; 5; 5; 5; 5; 5; 5; 5; 5; 5; 5; 5; 1; 1; 1; 1; 1; 1; 1; 1; 1; 1; 1; 1; 11; 11; 11; 11; 11; 11; 11; 11; 11; 11; 11; 11; 11; 11; 11; 11; 11; 11; 11; 11; 11; 11; 11; 11; 11; 11; 11; 11; 11; 12; 12; 12; 12; 12; 12; 12; 12; 12; 12; 12; 12; 12; 12; 12; 12; 12; 12; 12; 12; 12; 12; 12; 12; 12; 12; 12; 12; 0; 0; 0
0; 0; 5; 5; 5; 5; 5; 5; 5; 5; 5; 5; 5; 5; 5; 5; 5; 5; 5; 5; 5; 5; 5; 5; 5; 5; 5; 5P; 1; 1; 1; 1; 1; 1; 1; 1; 1; 1; 1; 1; 11; 11; 11; 11; 11; 11; 11; 11; 11; 11; 11; 11; 11; 11; 11; 11; 11; 11; 11; 11; 11; 11; 11; 11; 11; 11; 11; 11; 11; 12; 12; 12; 12; 12; 12; 12; 12; 12; 12; 12; 12; 12; 12; 12; 12; 12; 12; 12; 12; 12; 12; 12; 12; 12; 12; 12; 0; 0; 0; 0
0; 0; 5; 5; 5; 5; 5; 5; 5; 5; 5; 5; 5; 5; 5; 5; 5; 5; 5; 5; 5; 5; 5; 5; 5; 5; 5; 5; 1; 1; 1; 1; 1; 1; 1; 1; 1; 1; 1; 1; 11; 11; 11; 11; 11; 11; 11; 11; 11; 11; 11; 11; 11; 11; 11; 11; 11; 11; 11; 11; 11; 11; 11; 11; 11; 11; 11; 11; 11; 12; 12; 12; 12; 12; 12; 12; 12; 12; 12; 12; 12; 12; 12; 12; 12; 12; 12; 12; 12; 12; 12; 12; 12; 12; 12; 12; 12; 0; 0; 0
5; 5; 5; 5; 5; 5; 5; 5; 5; 5; 5; 5; 5; 5; 5; 5; 5; 5; 5; 5; 5; 5; 5; 5; 5; 5; 5; 5; 1; 1; 1; 1; 1; 1; 1; 1; 1; 1; 1; 1; 11; 11; 11; 11; 11; 11; 11; 11; 11; 11; 11; 11; 11; 11; 11; 11; 11; 11; 11; 11; 11; 11; 11; 11; 11; 11; 11; 11; 11; 12; 12; 12; 12; 12; 12; 12; 12; 12; 12; 12; 12; 12; 12; 12; 12; 12; 12; 12; 12; 12; 12; 12; 12; 12; 12; 12; 0; 0; 0; 0
0; 0; 0; 0; 5; 5; 5; 5; 5; 5; 5; 5; 5; 5; 5; 5; 5; 5; 5; 5; 5; 5; 5; 5; 5; 5; 5; 5; 1; 1; 1; 1; 1; 1; 1; 1; 1; 1; 1; 1; 11; 11; 11; 11; 11; 11; 11; 11; 11; 11; 11; 11; 11; 11; 11; 11; 11; 11; 11; 11; 11; 11; 11; 11; 11; 11; 11; 11; 11; 12; 12; 12; 12; 12; 12; 12; 12; 12; 12; 12; 12; 12; 12; 12; 12; 12; 12; 12; 12; 12; 12; 12; 12; 12; 12; 12; 12; 0; 0; 0
0; 0; 0; 5; 5; 5; 5; 5; 5; 5; 5; 5; 5; 5; 5; 5; 5; 5; 5; 5; 5; 5; 5; 5; 5; 5; 5; 5; 1; 1; 1; 1; 1; 1; 1; 1; 1; 1; 1; 1; 11; 11; 11; 11; 11; 11; 11; 11; 11; 11; 11; 11; 11; 11; 11; 11; 11; 11; 11; 11; 11; 11; 11; 11; 11; 11; 11; 11; 11; 12; 12; 12; 12; 12; 12P; 12; 12; 12; 12; 12; 12; 12; 12; 12; 12; 12; 12; 12; 12; 12; 12; 12; 12; 12; 12; 12; 12; 12; 12; 0
0; 0; 0; 5; 5; 5; 5; 5; 5; 5; 5; 5; 5; 5; 5; 5; 5; 5; 5; 5; 5; 5; 5; 5; 5; 5; 5; 5; 1; 1; 1; 1; 1; 1; 1; 1; 1; 1; 1; 1; 11; 11; 11; 11; 11; 11; 11; 11; 11; 11; 11; 11; 11; 11; 11; 11; 11; 11; 11; 11; 11; 11; 11; 11; 11; 11; 11; 11; 11; 12; 12; 12; 12; 12; 12; 12; 12; 12; 12; 12; 12; 12; 12; 12; 12; 12; 12; 12; 12; 12; 12; 12; 12; 12; 12; 12; 0; 0; 0; 0
0; 0; 0; 1; 1; 1; 1; 1; 1; 1; 1; 1; 1; 1; 1; 1; 1; 1; 1; 1; 1; 1; 1; 1; 1; 1; 1; 1; 1; 1; 1; 1; 1; 1; 1; 1; 1; 1; 1; 1; 11; 11; 11; 11; 11; 11; 11; 11; 11; 11; 11; 11; 11; 11; 11; 11; 11; 11; 11; 11; 11; 11; 11; 11; 11; 11; 11; 11; 11; 12; 12; 12; 12; 12; 12; 12; 12; 12; 12; 12; 12; 12; 12; 12; 12; 12; 12; 12; 12; 12; 12; 12; 12; 12; 12; 12; 12; 0; 0; 0
0; 0; 0; 0; 1; 1; 1; 1; 1; 1; 1; 1; 1; 1; 1; 1; 1; 1; 1; 1; 1; 1; 1; 1; 1; 1; 1; 1; 1; 1; 1; 1; 1; 1; 1; 1; 1; 1; 1; 1; 6; 6; 6; 6; 6; 6; 6; 6; 6; 6; 6; 6P; 6; 6; 6; 6; 6; 6; 6; 6; 6; 6; 6; 6; 6; 6; 6; 6; 6; 12; 12; 12; 12; 12; 12; 12; 12; 12; 12; 12; 12; 12; 12; 12; 12; 12; 12; 12; 12; 12; 12; 12; 12; 12; 12; 12; 12; 12; 12; 0
0; 0; 1; 1; 1; 1; 1; 1; 1; 1; 1; 1; 1; 1; 1; 1; 1; 1; 1; 1; 1; 1; 1; 1; 1; 1; 1; 1; 1; 1; 1; 1; 1; 1; 1; 1; 1; 1; 1; 1; 6; 6; 6; 6; 6; 6; 6; 6; 6; 6; 6; 6; 6; 6; 6; 6; 6; 6; 6; 6; 6; 6; 6; 6; 6; 6; 6; 6; 6; 12; 12; 12; 12; 12; 12; 12; 12; 12; 12; 12; 12; 12; 12; 12; 12; 12; 12; 12; 12; 12; 12; 12; 12; 12; 12; 12; 0; 0; 0; 0
0; 1; 1; 1; 1; 1; 1; 1; 1; 1; 1; 1; 1; 1; 1; 1; 1; 1; 1; 1; 1; 1; 1; 1; 1; 1; 1; 1; 1; 1; 1; 1; 1; 1; 1; 1; 1; 1; 1; 1; 6; 6; 6; 6; 6; 6; 6; 6; 6; 6; 6; 6; 6; 6; 6; 6; 6; 6; 6; 6; 6; 6; 6; 6; 6; 6; 6; 6; 6; 12; 12; 12; 12; 12; 12; 12; 12; 12; 12; 12; 12; 12; 12; 12; 12; 12; 12; 12; 12; 12; 12; 12; 12; 12; 12; 12; 12; 0; 0; 0
0; 0; 0; 1; 1; 1; 1; 1; 1; 1; 1; 1; 1; 1; 1; 1; 1; 1; 1; 1; 1; 1; 1; 1; 1; 1; 1; 1; 1; 1; 1; 1; 1; 1; 1; 1; 1; 1; 1; 1; 6; 6; 6; 6; 6; 6; 6; 6; 6; 6; 6; 6; 6; 6; 6; 6; 6; 6; 6; 6; 6; 6; 6; 6; 6; 6; 6; 6; 6; 6; 6; 6; 6; 6; 6; 6; 6; 6; 6; 6; 6; 6; 6; 6; 12; 12; 12; 12; 12; 12; 12; 12; 12; 12; 12; 12; 12; 12; 12; 0
0; 0; 0; 1; 1; 1; 1; 1; 1; 1; 1; 1; 1; 1; 1; 1; 1; 1; 1; 1; 1; 1; 1; 1; 1; 1; 1; 1; 1; 1; 1; 1; 1; 1; 1; 1; 1; 1; 1; 1; 6; 6; 6; 6; 6; 6; 6; 6; 6; 6; 6; 6; 6; 6; 6; 6; 6; 6; 6; 6; 6; 6; 6; 6; 6; 6; 6; 6; 6; 6; 6; 6; 6; 6; 6; 6; 6; 6; 6; 6; 6; 6; 6; 6; 12; 12; 12; 12; 12; 12; 12; 12; 12; 12; 12; 12; 12; 12; 0; 0
0; 0; 0; 0; 1; 1; 1; 1; 1; 1; 1; 1; 1; 1; 1; 1; 1; 1; 1; 1; 1; 1; 1; 1; 1; 1; 1; 1; 1; 1; 1; 1; 1; 1M; 1; 1; 1; 1; 1; 1; 6; 6; 6; 6; 6; 6; 6; 6; 6; 6; 6; 6; 6; 6; 6; 6; 6; 6; 6; 6; 6; 6; 6; 6; 6; 6; 6; 6; 6; 6; 6; 6; 6; 6; 6; 6; 6; 6; 6; 6; 6; 6; 6; 6; 6; 12; 12; 12; 12; 12; 12; 12; 12; 12; 12; 12; 12; 12; 0; 0
0; 0; 0; 0; 1M; 1; 1; 1; 1; 1; 1; 1; 1; 1; 1; 1; 1; 1; 1; 1; 1; 1; 1; 1; 1; 1; 1; 1; 1; 1; 1; 1; 1; 1M; 1M; 1M; 1; 1; 1; 1; 6; 6; 6; 6; 6; 6; 6; 6; 6; 6; 6; 6; 6; 6; 6; 6; 6; 6; 6M; 6; 6M; 6M; 6; 6; 6; 6; 6; 6; 6; 6; 6; 6; 6; 6; 6; 6; 6; 6; 6; 6; 6; 6; 6; 6; 6; 12; 12; 12; 12; 12; 12; 12; 12; 12; 12; 12; 12; 0; 0; 0
0; 0; 1M; 1M; 1; 1; 1; 1; 1; 1; 1; 1; 1; 1; 1; 1; 1; 1; 1; 1; 1; 1; 1; 1; 1; 1; 1; 1; 1; 1; 1; 1; 1; 1; 1; 1M; 1M; 1; 1; 1; 6; 6; 6; 6; 6; 6; 6; 6; 6; 6; 6; 6; 6; 6; 6; 6; 6M; 6M; 6; 6; 6M; 6; 6; 6; 6; 6; 6; 6; 6; 6; 6; 6; 6; 6; 6; 6; 6; 6; 6; 6; 6; 6; 6; 6; 6; 12; 12; 12; 12; 12; 12; 12; 12; 12; 12; 12; 12; 12; 0; 0
0; 0; 1; 1; 1; 1; 1; 1; 1; 1; 1; 1; 1; 1; 1; 1; 1; 1; 1; 1; 1; 1; 1; 1; 1; 1; 1; 1; 1; 1; 1; 1; 1; 1; 1M; 1M; 1M; 1; 1; 1; 6; 6; 6; 6; 6; 6; 6; 6; 6; 6; 6; 6; 6; 6; 6; 6M; 6; 6M; 6; 6; 6; 6; 6; 6; 6; 6; 6; 6; 6; 6; 6; 6; 6; 6; 6; 6; 6; 6; 6; 6; 6; 6; 6; 6; 6; 12; 12; 12; 12; 12; 12; 12; 12; 12; 12; 12; 0; 0; 0; 0
0; 0; 0; 1; 1; 1; 1; 1; 1; 1; 1; 1; 1; 1; 1; 1; 1; 1; 1; 1; 1; 1; 1; 1; 1; 1; 1; 1; 1; 1; 1; 1M; 1; 1M; 1; 1M; 1; 1; 1; 1; 6; 6; 6; 6; 6; 6; 6; 6; 6; 6; 6; 6; 6; 6; 6; 6M; 6M; 6M; 6M; 6; 6; 6; 6; 6; 6; 6; 6; 6; 6; 6; 6; 6; 6; 6; 6; 6; 6; 6; 6; 6; 6; 6; 6; 6; 6; 12; 12; 12; 12; 12; 12; 12; 12; 12; 12; 12; 12; 12; 0; 0
0; 0; 0; 1; 1; 1; 1; 1; 1; 1; 1; 1; 1; 1; 1; 1; 1; 1; 1; 1; 1; 1; 1; 1; 1; 1; 1; 1; 1; 1; 1; 1; 1M; 1; 1; 1; 1; 1; 1; 1; 6; 6; 6; 6; 6; 6; 6; 6; 6; 6; 6; 6; 6; 6; 6; 6; 6M; 6; 6M; 6; 6; 6; 6; 6; 6; 6; 6; 6; 6; 6; 6; 6; 6; 6; 6; 6; 6; 6; 6; 6; 6; 6; 6; 6; 6; 12; 12; 12; 12; 12; 12; 12; 12; 12; 12; 12; 0; 0; 0; 0
0; 0; 0; 0; 6; 6; 6; 6; 6; 6; 6; 6; 6; 6; 6; 6; 6; 6; 6; 6; 6; 6; 6; 6; 6; 6; 6; 6; 6; 6; 6; 6; 6; 6; 6; 6; 6; 6; 6; 6; 6; 6; 6; 6; 6; 6; 6; 6; 6; 6; 6; 6; 6; 6; 6; 6M; 6M; 6M; 6M; 6; 6; 6; 6; 6; 6; 6; 6; 6; 6; 6; 6; 6; 6; 6; 6; 6; 6; 6; 6; 6; 6; 6; 6; 6; 6; 12; 12; 12; 12; 12; 12; 12; 12; 12; 12; 12; 12; 12; 0; 0
0; 0; 0; 0; 6; 6; 6; 6; 6; 6; 6; 6; 6; 6; 6; 6; 6; 6; 6; 6; 6; 6; 6; 6; 6; 6; 6; 6; 6; 6; 6; 6; 6; 6; 6; 6; 6; 6; 6; 6; 6; 6; 6; 6; 6; 6; 6; 6; 6; 6; 6; 6; 6; 6; 6; 6; 6; 6M; 6; 6; 6; 6; 6; 6; 6; 6; 6; 6; 6; 6; 6; 6; 6; 6; 6; 6; 6; 6; 6; 6; 6; 6; 6; 6; 6; 12; 12; 12; 12; 12; 12; 12; 12; 12; 12; 12; 12; 0; 0; 0
0; 0; 0; 0; 6; 6; 6; 6; 6; 6; 6; 6; 6; 6; 6; 6; 6; 6; 6; 0; 6; 6; 6; 6; 6; 6; 6; 6; 6; 6; 6; 6; 6; 6; 6; 6; 6; 6; 6; 6; 6; 6; 6; 6; 0; 0; 6; 6; 6; 6; 6; 6; 6; 6; 6; 6; 6; 6; 6; 6; 6; 6; 6; 6; 6; 6; 6; 6; 6; 6; 6; 6; 6; 6; 6; 6; 6; 6; 6; 6; 6; 6; 6; 6; 6; 12; 12; 12; 12; 12; 12; 12; 12; 12; 12; 12; 12; 0; 0; 0
0; 0; 0; 0; 6; 6; 6; 6; 0; 6; 0; 6; 6; 6; 6; 0; 6; 6; 6; 0; 6; 0; 6; 6; 0; 0; 0; 6; 6; 0; 0; 6; 6; 6; 6; 6; 6; 0; 6; 6; 6; 0; 6; 6; 0; 0; 6; 0; 0; 6; 6; 0; 6; 6; 6; 6; 6; 6; 0; 6; 0; 6; 6; 6; 6; 6; 6; 6; 6; 6; 6; 0; 6; 0; 6; 6; 6; 6; 6; 6; 6; 6; 6; 6; 6; 12; 0; 0; 12; 12; 0; 12; 12; 12; 12; 12; 12; 0; 0; 0
0; 0; 0; 0; 0; 0; 6; 0; 0; 0; 0; 0; 0; 6; 0; 0; 0; 0; 0; 0; 0; 0; 0; 0; 0; 0; 0; 0; 0; 0; 0; 0; 0; 0; 6; 6; 0; 0; 0; 0; 0; 0; 0; 6; 0; 0; 0; 0; 0; 6; 6; 0; 0; 6; 0; 6; 0; 0; 0; 6; 0; 0; 0; 0; 0; 0; 0; 6; 0; 0; 0; 0; 0; 0; 0; 6; 6; 0; 0; 6; 0; 0; 6; 0; 0; 12; 0; 0; 0; 12; 0; 12; 12; 0; 12; 0; 0; 0; 0; 0
