128 128
3
327
14
80 46
0; 0; 0; 0; 0; 0; 0; 0; 0; 0; 0; 0; 0; 0; 0; 0; 0; 0; 0; 0; 0; 0; 0; 0; 0; 0; 0; 0; 0; 0; 0; 0; 0; 0; 0; 0; 0; 0; 0; 0; 0; 0; 0; 0; 0; 0; 0; 8; 0; 0; 0; 0; 0; 0; 0; 0; 0; 0; 0; 0; 0; 0; 0; 0; 0; 0; 0; 0; 0; 0; 0; 0; 0; 0; 0; 0; 0; 0; 0; 0; 0; 0; 0; 0; 13; 0; 0; 0; 0; 0; 0; 0; 0; 0; 0; 0; 0; 0; 0; 0; 0; 0; 0; 0; 0; 0; 0; 0; 0; 0; 0; 0; 0; 0; 0; 0; 0; 0; 0; 0; 0; 0; 0; 0; 0; 0; 0; 0
0; 0; 0; 0; 0; 0; 0; 0; 0; 0; 0; 0; 0; 0; 0; 0; 0; 0; 0; 0; 0; 0; 0; 0; 2; 0; 0; 0; 0; 0; 0; 0; 0; 0; 0; 2; 0; 0; 0; 0; 0; 0; 8; 0; 0; 0; 0; 8; 0; 0; 0; 0; 0; 0; 0; 0; 0; 0; 0; 0; 0; 0; 0; 0; 0; 0; 0; 0; 0; 0; 0; 0; 0; 0; 0; 0; 0; 13; 0; 0; 0; 0; 0; 0; 13; 0; 0; 0; 0; 0; 0; 0; 0; 0; 0; 0; 0; 0; 0; 0; 0; 0; 0; 13; 13; 0; 0; 0; 0; 0; 0; 0; 0; 0; 0; 0; 0; 0; 0; 0; 0; 0; 0; 0; 0; 0; 0; 0
0; 0; 0; 0; 0; 0; 0; 0; 0; 0; 0; 0; 0; 0; 0; 0; 0; 0; 0; 0; 0; 0; 2; 2; 2; 0; 2; 0; 0; 2M; 0; 0; 0; 0; 0; 2; 0; 0; 8; 0; 0; 8; 8; 0; 0; 0; 0; 8; 8; 0; 0; 8; 0; 0; 0; 0; 0; 0; 0; 0; 0; 0; 0; 0; 0; 0; 0; 0; 0; 0; 0; 0; 0; 0; 0; 0; 0; 13; 13; 0; 0; 0; 0; 0; 13; 0; 0; 0; 0; 0; 0; 0; 0; 0; 13; 0; 0; 0; 0; 0; 0; 13; 0; 13; 13; 0; 0; 13; 0; 0; 0; 0; 0; 0; 0; 0; 0; 0; 0; 0; 0; 0; 0; 0; 0; 0; 0; 0
0; 0; 0; 0; 2; 0; 0; 0; 0; 2; 2; 0; 0; 0; 0; 2; 0; 0; 0; 0; 0; 0; 2; 2; 2; 0; 2; 0; 0; 2; 2M; 0; 0; 0; 0; 2; 0; 0; 8; 0; 0; 8; 8; 0; 0; 0; 0; 8; 8; 8; 8; 8; 0; 0; 0; 0; 8; 0; 0; 0; 0; 0; 8; 8; 0; 8; 0; 8; 0; 0; 0; 0; 0; 0; 0; 0; 0; 13; 13; 0; 0; 0; 0; 0; 13; 0; 0; 13; 0; 0; 13; 0; 13; 0; 13; 0; 0; 0; 13; 0; 13; 13; 0; 13; 13; 13; 0; 13; 13; 0; 0; 0; 0; 0; 0; 10; 0; 0; 10; 10; 10; 0; 10; 0; 0; 0; 0; 0
0; 2; 2; 2; 2; 2; 2; 2; 2; 2; 2; 2; 2; 2; 2; 2; 2; 2; 2; 2; 2; 2; 2; 2; 2; 2; 2; 2; 2; 2M; 2; 2; 2M; 2M; 2; 2; 2; 8; 8; 8; 8; 8; 8; 8; 8; 8; 8; 8; 8; 8; 8; 8; 8; 8; 8; 8M; 8M; 8; 8; 8; 8; 8; 8; 8; 8; 8; 8; 8; 8; 8; 8; 8; 8; 13; 13; 13; 13; 13; 13; 13; 13; 13; 13; 13; 13; 13; 13; 13; 13; 13; 13; 13; 13; 13; 13; 13; 13; 13; 13; 13; 13; 13; 13; 13; 13; 13; 13; 13; 13; 10; 10; 10; 10; 10; 10; 10; 10; 10; 10; 10; 10; 10; 10; 10; 0; 0; 0; 0
0; 2; 2; 2; 2; 2; 2; 2; 2; 2; 2; 2; 2; 2; 2; 2; 2; 2; 2; 2; 2; 2; 2; 2; 2; 2; 2M; 2M; 2M; 2; 2; 2; 2M; 2; 2; 2; 2; 8; 8; 8; 8; 8; 8; 8; 8; 8; 8; 8; 8; 8; 8; 8; 8; 8; 8; 8; 8M; 8; 8; 8; 8; 8; 8; 8; 8; 8; 8; 8; 8; 8; 8; 8; 13; 13; 13; 13; 13; 13; 13; 13; 13; 13; 13; 13; 13; 13; 13; 13; 13; 13; 13; 13; 13; 13; 13; 13; 13; 13; 13; 13; 13; 13; 13; 13; 13; 13; 13; 13; 13; 10; 10; 10; 10; 10; 10; 10; 10; 10; 10; 10; 10; 10; 10; 10; 10; 0; 0; 0
0; 0; 0; 2; 2; 2; 2; 2; 2; 2; 2; 2; 2; 2; 2; 2; 2; 2; 2; 2; 2; 2; 2; 2; 2M; 2M; 2; 2; 2M; 2M; 2M; 2M; 2; 2; 2; 2; 2; 8; 8; 8; 8; 8; 8; 8; 8; 8; 8; 8; 8; 8; 8; 8; 8; 8; 8; 8M; 8M; 8; 8; 8; 8; 8; 8; 8; 8; 8; 8; 8; 8; 8; 8; 8; 13; 13; 13; 13; 13; 13; 13; 13; 13; 13; 13; 13; 13; 13; 13; 13; 13; 13; 13; 13; 13; 13; 13; 13; 13; 13; 13; 13; 13; 13; 13; 13; 13; 13; 13; 13; 13; 10; 10; 10; 10; 10; 10; 10; 10; 10; 10; 10; 10; 10; 10; 10; 0; 0; 0; 0
0; 2; 2; 2; 2; 2; 2; 2; 2; 2; 2; 2; 2; 2; 2; 2; 2M; 2; 2; 2; 2; 2; 2; 2; 2; 2M; 2; 2; 2M; 2M; 2; 2M; 2; 2; 2; 2; 2; 8; 8; 8; 8; 8; 8; 8; 8; 8; 8; 8; 8; 8; 8; 8; 8; 8M; 8M; 8M; 8M; 8M; 8; 8; 8; 8; 8; 8; 8; 8; 8; 8; 8; 8; 8; 8; 13; 13; 13; 13; 13; 13; 13; 13; 13; 13; 13; 13; 13; 13; 13; 13; 13; 13; 13; 13; 13; 13; 13; 13; 13; 13; 13; 13; 13; 13; 13; 13; 13; 13; 13; 13; 13; 10; 10; 10; 10; 10; 10; 10; 10; 10; 10; 10; 10; 10; 10; 10; 0; 0; 0; 0
0; 0; 0; 2; 2; 2; 2; 2; 2; 2; 2; 2; 2; 2; 2; 2M; 2M; 2; 2; 2; 2; 2; 2M; 2M; 2M; 2; 2M; 2M; 2M; 2; 2M; 2; 2; 2; 2; 2; 2; 8; 8; 8; 8; 8; 8; 8; 8; 8; 8; 8; 8; 8; 8; 8; 8; 8M; 8M; 8M; 8; 8; 8; 8; 8; 8; 8; 8; 8; 8; 8; 8; 8; 8; 8; 8; 13; 13; 13; 13; 13; 13; 13; 13; 13M; 13; 13; 13; 13; 13; 13; 13; 13; 13; 13; 13; 13; 13; 13; 13; 13; 13; 13; 13; 13; 13; 13; 13; 13; 13; 13; 13; 13; 10; 10; 10; 10; 10; 10; 10; 10; 10; 10; 10; 10; 10; 10; 10; 10; 10; 0; 0
2; 2; 2; 2; 2; 2; 2; 2; 2; 2; 2; 2; 2; 2M; 2M; 2; 2; 2M; 2M; 2; 2; 2; 2; 2; 2M; 2M; 2M; 2M; 2M; 2; 2; 2; 2; 2; 2; 2; 2; 8; 8; 8; 8; 8; 8; 8; 8; 8; 8; 8; 8; 8; 8; 8; 8M; 8; 8; 8; 8; 8; 8; 8; 8; 8; 8; 8; 8; 8; 8; 8; 8; 8; 8; 8; 13; 13; 13; 13; 13; 13; 13; 13M; 13; 13M; 13; 13; 13; 13; 13; 13; 13; 13; 13; 13; 13; 13; 13; 13; 13; 13; 13; 13; 13; 13; 13; 13; 13; 13; 13; 13; 13; 10; 10; 10; 10; 10; 10; 10; 10; 10; 10; 10; 10; 10; 10; 10; 0; 0; 0; 0
2; 2; 2; 2; 2; 2; 2; 2; 2; 2; 2; 2; 2; 2M; 2; 2; 2; 2; 2; 2; 2; 2; 2; 2; 2; 2; 2; 2; 2; 2; 2; 2; 2; 2; 2; 2; 2; 8; 8; 8; 8; 8; 8; 8; 8; 8; 8; 8; 8; 8; 8; 8; 8; 8; 8; 8; 8; 8; 8; 8; 8; 8; 8; 8; 8; 8; 8; 8; 8; 8; 8; 8; 13; 13; 13; 13; 13; 13; 13; 13; 13M; 13; 13; 13; 13; 13; 13; 13; 13; 13; 13; 13; 13; 13; 13; 13; 13; 13; 13; 13; 13; 13; 13; 13; 13; 13; 13; 13; 13; 10; 10; 10; 10; 10; 10; 10; 10; 10; 10; 10; 10; 10; 10; 10; 0; 0; 0; 0
0; 2; 2; 2; 2; 2; 2; 2; 2; 2; 2; 2; 2M; 2; 2; 2; 2; 2; 2; 2; 2; 2; 2; 2; 2; 2; 2; 2; 2; 2; 2; 2; 2; 2; 2; 2; 2; 8; 8; 8; 8; 8; 8; 8; 8; 8; 8; 8; 8; 8; 8; 8; 8; 8; 8; 8; 8; 8; 8; 8; 8; 8; 8; 8; 8; 8; 8; 8; 8; 8; 8; 8; 13; 13; 13; 13; 13; 13; 13; 13; 13; 13; 13; 13; 13; 13; 13; 13; 13; 13; 13; 13; 13; 13; 13; 13; 13; 13; 13; 13; 13; 13; 13; 13; 13; 13; 13; 13; 13; 10; 10; 10; 10; 10; 10; 10; 10; 10; 10; 10; 10; 10; 10; 10; 10; 10; 0; 0
0; 0; 0; 2; 2; 2; 2; 2; 2; 2; 2; 2; 2; 2; 2; 2; 2; 2; 2; 2; 2; 2; 2; 2; 2; 2; 2; 2; 2; 2; 2; 2; 2; 2; 2P; 2; 2; 8; 8; 8; 8; 8; 8; 8; 8; 8; 8; 8; 8; 8; 8; 8; 8; 8; 8; 8; 8; 8; 8; 8; 8; 8; 8; 8; 8; 8; 8; 8; 8; 8; 8; 8; 13; 13; 13; 13; 13; 13; 13; 13; 13; 13; 13; 13; 13; 13; 13; 13; 13; 13; 13; 13; 13; 13; 13; 13; 13; 13; 13; 13; 13; 13; 13; 13; 13; 13; 13; 13; 13; 10; 10; 10; 10; 10; 10; 10; 10M; 10; 10; 10; 10; 10; 10; 10; 0; 0; 0; 0
0; 2; 2; 2; 2; 2; 2; 2; 2; 2; 2; 2; 2; 2; 2; 2; 2; 2; 2; 2; 2; 2; 2; 2; 2; 2; 2; 2; 2; 2; 2; 2; 2; 2; 2; 2; 2; 8; 8; 8; 8; 8; 8; 8; 8; 8; 8; 8; 8; 8; 8; 8; 8; 8; 8; 8; 8; 8; 8; 8; 8; 8; 8; 8; 8; 8; 8; 8; 8; 8; 8; 8; 13; 13; 13; 13; 13; 13; 13; 13; 13; 13; 13; 13; 13; 13; 13; 13; 13; 13; 13; 13; 13; 13; 13; 13; 13; 13; 13; 13; 13; 13; 13; 13; 13; 13; 13; 13; 10; 10; 10; 10; 10; 10; 10; 10M; 10; 10M; 10; 10; 10; 10; 10; 10; 0; 0; 0; 0
0; 0; 0; 2; 2; 2; 2; 2; 2; 2; 2; 2; 2; 2; 2; 2; 2; 2; 2; 2; 2; 2; 2; 2; 2; 2; 2; 2; 2; 2; 2; 2; 2; 2; 2; 2; 2; 8; 8; 8; 8; 8; 8; 8; 8; 8; 8; 8; 8; 8; 8; 8; 8; 8; 8; 8; 8; 8; 8; 8; 8; 8; 8; 8; 8; 8; 8; 8; 8; 8; 8; 8; 13; 13; 13; 13; 13; 13; 13; 13; 13; 13; 13; 13; 13; 13; 13; 13; 13; 13; 13; 13; 13; 13; 13; 13; 13; 13; 13; 13; 13; 13; 13; 13; 13; 13; 13; 13; 10; 10; 10; 10; 10; 10; 10; 10; 10; 10; 10; 10; 10; 10; 10; 10; 0; 0; 0; 0
0; 0; 0; 2; 2; 2; 2; 2; 2; 2; 2; 2; 2; 2; 2; 2; 2; 2; 2; 2; 2; 2; 2; 2; 2; 2; 2; 2; 2; 2; 2; 2; 2; 2; 2; 2; 2; 8; 8; 8; 8; 8; 8; 8; 8; 8; 8; 8; 8; 8; 8; 8; 8; 8; 8; 8; 8; 8; 8; 8; 8; 8; 8; 8; 8; 8; 8; 8; 8; 8; 8; 8; 13; 13; 13; 13; 13; 13; 13; 13; 13; 13; 13; 13; 13; 13; 13; 13; 13; 13; 13; 13; 13; 13; 13; 13; 13; 13; 13; 13; 13; 13; 13; 13; 13; 13; 13; 13; 10; 10; 10; 10; 10; 10; 10; 10; 10; 10; 10; 10; 10; 10; 10; 10; 10; 10; 10; 0
0; 2; 2; 2; 2; 2; 2; 2; 2; 2; 2; 2; 2; 2; 2; 2; 2; 2; 2; 2; 2; 2; 2; 2; 2; 2; 2; 2; 2; 2; 2; 2; 2; 2; 2; 2; 2; 8; 8; 8; 8; 8; 8; 8; 8; 8; 8; 8; 8; 8; 8; 8; 8; 8; 8; 8; 8; 8; 8; 8; 8; 8; 8; 8; 8; 8; 8; 8; 8; 8; 8; 8; 13; 13; 13; 13; 13; 13; 13; 13; 13; 13; 13; 13; 13; 13; 13; 13; 13; 13; 13; 13; 13; 13; 13; 13; 13; 13; 13; 13; 13; 13; 13; 13; 13; 13; 13; 13; 10; 10; 10; 10; 10; 10; 10; 10; 10; 10; 10; 10; 10; 10; 10; 10; 10; 10; 0; 0
0; 0; 2; 2; 2; 2; 2; 2; 2; 2; 2; 2; 2; 2; 2; 2; 2; 2; 2; 2; 2; 2; 2; 2; 2; 2; 2; 2; 2; 2; 2; 2; 2; 2; 2; 2; 2; 8; 8; 8; 8; 8; 8; 8; 8; 8; 8; 8; 8; 8; 8; 8; 8; 8; 8; 8; 8; 8; 8; 8; 8; 8; 8; 8; 8; 8; 8; 8; 8; 8; 8; 8; 13; 13; 13; 13; 13; 13; 13; 13; 13; 13; 13; 13; 13; 13; 13; 13; 13; 13; 13; 13; 13; 13; 13; 13; 13; 13; 13; 13; 13; 13; 13; 13; 13; 13; 13; 13; 10; 10; 10; 10; 10; 10; 10; 10; 10; 10; 10; 10; 10; 10; 10; 10; 10; 0; 0; 0
0; 2; 2; 2; 2; 2; 2; 2; 2; 2; 2; 2; 2; 2; 2; 2; 2; 2; 2; 2; 2; 2; 2; 2; 2; 2; 2; 2; 2; 2; 2; 2; 2; 2; 2; 2; 2; 8; 8; 8; 8; 8; 8; 8; 8; 8; 8; 8; 8; 8; 8; 8; 8; 8; 8; 8; 8; 8; 8; 8; 8; 8; 8; 8; 8; 8; 8; 8; 8; 8; 8; 8; 13; 13; 13; 13; 13; 13; 13; 13; 13; 13; 13; 13; 13; 13; 13; 13; 13; 13; 13; 13; 13; 13; 13; 13; 13; 13; 13; 13; 13; 13; 13; 13; 13; 13; 13; 13; 10; 10; 10; 10; 10; 10; 10; 10; 10; 10; 10; 10; 10; 10; 10; 10; 10; 10; 0; 0
2; 2; 2; 2; 2; 2; 2; 2; 2; 2; 2; 2; 2; 2; 2; 2; 2; 2; 2; 2; 2; 2; 2; 2; 2; 2; 2; 2; 2; 2; 2; 2; 2; 2; 2; 2; 2; 8; 8; 8; 8; 8; 8; 8; 8; 8; 8; 8; 8; 8; 8; 8; 8; 8; 8; 8; 8; 8; 8; 8; 8; 8; 8; 8; 8; 8; 8; 8; 8; 8; 8; 8; 13; 13; 13; 13; 13; 13; 13; 13; 13; 13; 13; 13; 13; 13; 13; 13; 13; 13; 13; 13; 13; 13; 13; 13; 13; 13; 13; 13; 13; 13; 13; 13; 13; 13; 13; 13; 10; 10; 10; 10; 10; 10; 10; 10; 10; 10; 10; 10; 10; 10; 10; 10; 0; 0; 0; 0
0; 2; 2; 2; 2; 2; 2; 2; 2; 2; 2; 2; 2; 2; 2; 2; 2; 2; 2; 2; 2; 2; 2; 2; 2; 2; 2; 2; 2; 2; 2; 2; 2; 2; 2; 2; 2; 8; 8; 8; 8; 8; 8; 8; 8; 8; 8; 8; 8; 8; 8; 8; 8; 8; 8; 8; 8; 8; 8; 8; 8; 8; 8; 8; 8; 8; 8; 8; 8; 8; 8; 8; 13; 13; 13; 13; 13; 13; 13; 13; 13; 13; 13; 13; 13; 13; 13; 13; 13; 13; 13; 13; 13; 13; 13; 13; 13; 13; 13; 13; 13; 13; 13; 13; 13; 13; 13; 13; 10; 10; 10; 10; 10; 10; 10; 10; 10; 10; 10; 10; 10; 10; 10; 10; 0; 0; 0; 0
0; 0; 0; 2; 2; 2; 2; 2; 2; 2; 2; 2; 2; 2; 2; 2; 2; 2; 2; 2; 2; 2; 2; 2; 2; 2; 2; 2; 2; 2; 2; 2; 2; 2; 2; 2; 2; 8; 8; 8; 8; 8; 8; 8; 8; 8; 8; 8; 8; 8; 8; 8; 8; 8; 8; 8; 8; 8; 8; 8; 8; 8; 8; 8; 8; 8; 8; 8; 8; 8; 8; 8; 13; 13; 13; 13; 13; 13; 13; 13; 13; 13; 13; 13; 13; 13; 13; 13; 13; 13; 13; 13; 13; 13; 13; 13; 13; 13; 13; 13; 13; 13; 13; 13; 13; 13; 13; 13; 10; 10; 10; 10; 10; 10; 10; 10; 10; 10; 10; 10; 10; 10; 10; 10; 0; 0; 0; 0
2; 2; 2; 2; 2; 2; 2; 2; 2; 2; 2; 2; 2; 2; 2; 2; 2; 2; 2; 2; 2; 2; 2; 2; 2; 2; 2; 2; 2; 2; 2; 2; 2; 2; 2; 2; 2; 8; 8; 8; 8; 8; 8; 8; 8; 8; 8; 8; 8; 8; 8; 8; 8; 8; 8; 8; 8; 8; 8; 8; 8; 8; 8; 8; 8; 8; 8; 8; 8; 8; 8; 8; 13; 13; 13; 13; 13; 13; 13; 13; 13; 13; 13; 13; 13; 13; 13; 13; 13; 13; 13; 13; 13; 13; 13; 13; 13; 13; 13; 13; 13; 13; 13; 13; 13; 13; 13; 13; 10; 10; 10; 10; 10; 10; 10; 10; 10; 10; 10; 10; 10; 10; 10; 10; 10; 0; 0; 0
0; 2; 2; 2; 2; 2; 2; 2; 2; 2; 2; 2; 2; 2; 2; 2; 2; 2; 2; 2; 2; 2; 2; 2; 2; 2; 2; 2; 2; 2; 2; 2; 2; 2; 2; 2; 2; 8; 8; 8; 8; 8; 8P; 8; 8; 8; 8; 8; 8; 8; 8; 8; 8; 8; 8; 8; 8; 8; 8; 8; 8; 8; 8; 8; 8; 8; 8; 8; 8; 8; 8; 8; 13; 13; 13; 13; 13; 13; 13; 13; 13; 13; 13; 13; 13; 13; 13; 13; 13; 13; 13; 13; 13; 13; 13; 13; 13; 13; 13; 13; 13; 13; 13; 13; 13; 13; 13; 13; 10; 10; 10; 10; 10; 10; 10; 10; 10; 10; 10; 10; 10; 10; 10; 10; 10; 0; 0; 0
0; 2; 2; 2; 2; 2; 2; 2; 2; 2; 2; 2; 2; 2; 2; 2; 2; 2; 2; 2; 2; 2; 2; 2; 2; 2; 2; 2; 2; 2; 2; 2; 2; 2; 2; 2; 2; 8; 8; 8; 8; 8; 8; 8; 8; 8; 8; 8; 8; 8; 8; 8; 8; 8; 8; 8; 8; 8; 8; 8; 8; 8; 8; 8; 8; 8; 8; 8; 8; 8; 8; 8; 13; 13; 13; 13; 13; 13; 13; 13; 13; 13; 13; 13; 13; 13; 13; 13; 13; 13; 13; 13; 13; 13; 13; 13; 13; 13; 13; 13; 13; 13; 13; 13; 13; 13; 13; 13; 10; 10; 10; 10; 10; 10; 10; 10; 10; 10; 10; 10; 10; 10; 10; 10; 0; 0; 0; 0
0; 0; 2; 2; 2; 2; 2; 2; 2; 2; 2; 2; 2; 2; 2; 2; 2; 2; 2; 2; 2; 2; 2; 2; 2; 2; 2; 2; 2; 2; 2; 2; 2; 2; 2; 2; 2; 8; 8; 8; 8; 8; 8; 8; 8; 8; 8; 8; 8; 8; 8; 8; 8; 8; 8; 8; 8; 8; 8; 8; 8; 8; 8; 8; 8; 8; 8; 8; 8; 8; 8; 8; 13; 13; 13; 13; 13; 13; 13; 13; 13; 13; 13; 13; 13; 13; 13; 13; 13; 13; 13; 13; 13; 13; 13; 13; 13; 13; 13; 13; 13; 13; 13; 13; 13; 13; 13; 13; 10; 10; 10; 10; 10; 10; 10; 10; 10; 10; 10; 10; 10; 10; 10; 10; 0; 0; 0; 0
0; 0; 2; 2; 2; 2; 2; 2; 2; 2; 2; 2; 2; 2; 2; 2; 2; 2; 2; 2; 2; 2; 2; 2; 2; 2; 2; 2; 2; 2; 2; 2; 2; 2; 2; 2; 2; 8; 8; 8; 8; 8; 8; 8; 8; 8; 8; 8; 8; 8; 8; 8; 8; 8; 8; 8; 8; 8; 8; 8; 8; 8; 8; 8; 8; 8; 8; 8; 8; 8; 8; 8; 13; 13; 13; 13; 13; 13; 13; 13; 13; 13; 13; 13; 13; 13; 13; 13; 13; 13; 13; 13; 13; 13; 13; 13; 13; 13; 13; 13; 13; 13; 13; 13; 13; 13; 13; 13; 10; 10; 10; 10; 10; 10; 10; 10; 10; 10; 10; 10; 10; 10; 10; 10; 0; 0; 0; 0
0; 2; 2; 2; 2; 2; 2; 2; 2; 2; 2; 2; 2; 2; 2; 2; 2; 2; 2; 2; 2; 2; 2; 2; 2; 2; 2; 2; 2; 2; 2; 2; 2; 2; 2; 2; 2; 8; 8; 8; 8; 8; 8; 8; 8; 8; 8; 8; 8; 8; 8; 8; 8; 8; 8; 8; 8; 8; 8; 8; 8; 8; 8; 8; 8; 8; 8; 8; 8; 8; 8; 8; 13; 13; 13; 13; 13; 13; 13; 13; 13; 13; 13; 13; 13; 13; 13; 13; 13; 13; 13; 13; 13; 13; 13; 13; 13; 13; 13; 13; 13; 13; 13; 13; 13; 13; 13; 13; 10; 10; 10; 10; 10; 10; 10; 10; 10; 10; 10; 10; 10; 10; 10; 10; 0; 0; 0; 0
0; 2; 2; 2; 2; 2; 2; 2; 2; 2; 2; 2; 2; 2; 2; 2; 2; 2; 2; 2; 2; 2; 2; 2; 2; 2; 2; 2; 2; 2; 2; 2; 2; 2; 2; 2; 2; 8; 8; 8; 8; 8; 8; 8; 8; 8; 8; 8; 8; 8; 8; 8; 8; 8; 8; 8; 8; 8; 8; 8; 8; 8; 8; 8; 8; 8; 8; 8; 8; 8; 8; 8; 13; 13; 13; 13; 13; 13; 13; 13; 13; 13; 13; 13; 13; 13; 13; 13; 13; 13; 13; 13; 13; 13; 13; 13; 13; 13; 13; 13; 13; 13; 13; 13; 13; 13; 13; 13; 10; 10; 10; 10; 10; 10; 10; 10; 10; 10; 10; 10; 10; 10; 10; 10; 10; 0; 0; 0
0; 0; 2; 2; 2; 2; 2; 2; 2; 2; 2; 2; 2; 2; 2; 2; 2; 2; 2; 2; 2; 2; 2; 2; 2; 2; 2M; 2; 2; 2; 2; 2; 2; 2; 2; 2; 8; 8; 8; 8; 8; 8; 8; 8; 8; 8; 8; 8; 8; 8; 8; 8; 8; 8; 8; 8; 8; 8; 8; 8; 8; 8; 8; 8; 8; 8; 8; 8; 8; 8; 8; 8; 13; 13; 13; 13; 13; 13; 13; 13; 13; 13; 13; 13; 13; 13; 13; 13; 13; 13; 13; 13; 13; 13; 13; 13; 13; 13; 13; 13; 13; 13; 13; 13; 13; 13; 13; 13; 10; 10; 10; 10; 10; 10; 10; 10; 10; 10; 10; 10; 10; 10; 10; 10; 0; 0; 0; 0
0; 0; 0; 2; 2; 2; 2; 2; 2; 2; 2; 2; 2; 2; 2; 2; 2; 2; 2; 2; 2; 2; 2; 2; 2; 2; 2M; 2; 2; 2; 2; 2; 2; 2; 2; 2; 8; 8; 8; 8; 8; 8; 8; 8; 8; 8; 8; 8; 8; 8; 8; 8; 8; 8; 8; 8; 8; 8; 8; 8; 8; 8; 8; 8; 8; 8; 8; 8; 8; 8; 8; 8; 13; 13; 13; 13; 13; 13; 13; 13P; 13; 13; 13; 13; 13; 13; 13; 13; 13; 13; 13; 13; 13; 13; 13; 13; 13; 13; 13; 13; 13; 13; 13; 13; 13; 13; 13; 13; 10; 10; 10; 10; 10; 10; 10; 10; 10; 10; 10; 10; 10; 10; 10; 10; 10; 0; 0; 0
2; 2; 2; 2; 2; 2; 2; 2; 2; 2; 2; 2; 2; 2; 2; 2; 2; 2; 2; 2; 2; 2; 2; 2; 2; 2; 2M; 2M; 2; 2; 2; 2; 2; 2; 2; 2; 8; 8; 8; 8M; 8; 8; 8; 8; 8; 8; 8; 8; 8; 8; 8; 8; 8; 8; 8; 8; 8; 8; 8; 8; 8; 8; 8; 8; 8; 8; 8; 8; 8; 8; 8; 8; 13; 13; 13; 13; 13; 13; 13; 13; 13; 13; 13; 13; 13; 13; 13; 13; 13; 13; 13; 13; 13; 13; 13; 13; 13; 13; 13; 13; 13; 13; 13; 13; 13; 13; 13; 13; 10; 10; 10; 10; 10; 10; 10; 10; 10; 10; 10; 10; 10; 10; 10; 10; 0; 0; 0; 0
0; 0; 2; 2; 2; 2; 2; 2; 2; 2; 2; 2; 2; 2; 2; 2; 2; 2; 2; 2; 2; 2; 2; 2; 2; 2; 2; 2M; 2M; 2M; 2; 2; 2; 2; 2; 2M; 8M; 8; 8M; 8M; 8; 8; 8; 8; 8; 8; 8; 8; 8; 8; 8; 8; 8; 8; 8; 8; 8; 8; 8; 8; 8; 8; 8; 8; 8; 8; 8; 8; 8; 8; 8; 8; 13; 13; 13; 13; 13; 13; 13; 13; 13; 13; 13; 13; 13; 13; 13; 13; 13; 13; 13; 13; 13; 13; 13; 13; 13; 13; 13; 13; 13; 13; 13; 13; 13; 13; 13; 13; 10; 10; 10; 10; 10; 10; 10; 10; 10; 10; 10; 10; 10; 10; 10; 10; 0; 0; 0; 0
0; 0; 2; 2; 2; 2; 2; 2; 2; 2; 2; 2; 2; 2; 2; 2; 2; 2; 2; 2; 2; 2; 2; 2; 2; 2; 2M; 2; 2M; 2; 2; 2M; 2; 2; 2; 2M; 8M; 8M; 8M; 8M; 8; 8; 8; 8; 8; 8; 8; 8; 8; 8; 8; 8; 8; 8; 8; 8; 8; 8; 8; 8; 8; 8; 8; 8; 8; 8; 8; 8; 8; 8; 8; 8; 13; 13; 13; 13; 13; 13; 13; 13; 13; 13; 13; 13; 13; 13; 13; 13; 13; 13; 13; 13; 13; 13; 13; 13; 13; 13; 13; 13; 13; 13; 13; 13; 13; 13; 13; 13; 10; 10; 10; 10; 10; 10; 10; 10; 10; 10; 10; 10; 10; 10; 10; 10; 0; 0; 0; 0
0; 0; 2; 2; 2; 2; 2; 2; 2; 2; 2; 2; 2; 2; 2; 2; 2; 2; 2; 2; 2; 2; 2; 2; 2; 2M; 2M; 2M; 2M; 2M; 2; 2M; 2M; 2M; 2M; 2M; 8; 8M; 8; 8; 8; 8; 8; 8; 8; 8; 8; 8; 8; 8; 8; 8; 8; 8; 8; 8; 8; 8; 8; 8; 8; 8; 8; 8; 8; 8; 8; 8; 8; 8; 8; 8; 13; 13; 13; 13; 13; 13; 13; 13; 13; 13; 13; 13; 13; 13; 13; 13; 13; 13; 13; 13; 13; 13; 13; 13; 13; 13; 13; 13; 13; 13; 13; 13; 13; 13; 13; 13; 10; 10; 10; 10; 10; 10; 10; 10; 10; 10; 10; 10; 10; 10; 10; 10; 0; 0; 0; 0
0; 2; 2; 2; 2; 2; 2; 2; 2; 2; 2; 2; 2; 2; 2; 2; 2; 2; 2; 2; 2; 2; 2; 2; 2; 2M; 2M; 2; 2; 2M; 2M; 2; 2; 2; 2; 2M; 8M; 8; 8; 8; 8; 8; 8; 8; 8; 8; 8; 8; 8; 8; 8; 8; 8; 8; 8; 8; 8; 8; 8; 8; 8; 8; 8; 8; 8; 8; 8; 8; 8; 8; 8; 8; 9; 9; 9M; 9; 9; 9; 9; 9; 9; 9; 9; 5; 5; 5; 5; 5; 5; 5; 5; 5; 5; 5; 5; 5; 5; 5; 5; 5; 10; 10; 10; 10; 10; 10; 10; 10; 10; 10; 10; 10; 10; 10; 10; 10; 10; 10; 10; 10; 10; 10; 10; 10; 0; 0; 0; 0
0; 0; 1; 1; 1; 1; 1; 1; 1; 1; 1; 1; 1; 1; 7; 7; 7; 7; 7; 7; 7; 7; 7; 7; 7; 7; 7M; 7; 7; 7; 7; 7; 7; 7; 7; 7; 7; 7; 7; 7; 7; 7; 7; 7; 7; 7; 7; 7; 7; 9; 9; 9; 9; 9; 9; 9; 9; 9; 9; 9; 9; 9; 9; 9; 9; 9; 9; 9; 9; 9; 9; 9; 9; 9; 9; 9M; 9; 9; 9; 9; 9; 9; 9; 5; 5; 5; 5; 5; 5; 5; 5; 5; 5; 5; 5; 5; 5; 5; 5; 5; 10; 10; 10; 10; 10; 10; 10; 10; 10; 10; 10; 10; 10; 10; 10; 10; 10; 10; 10; 10; 10; 10; 10; 10; 0; 0; 0; 0
0; 0; 1; 1; 1; 1; 1; 1; 1; 1; 1; 1; 1; 1; 7; 7; 7; 7; 7; 7; 7; 7; 7; 7; 7; 7; 7; 7; 7; 7; 7; 7; 7; 7; 7; 7; 7; 7; 7; 7; 7; 7; 7; 7; 7; 7P; 7; 7; 7; 9; 9; 9; 9; 9; 9; 9; 9; 9; 9; 9; 9; 9; 9; 9; 9; 9; 9; 9; 9; 9; 9; 9; 9; 9; 9; 9; 9M; 9; 9; 9; 9; 9; 9; 5; 5; 5; 5; 5; 5; 5; 5; 5; 5; 5; 5; 5; 5; 5; 5; 5; 10; 10; 10; 10; 10; 10; 10; 10; 10; 10; 10; 10; 10; 10; 10; 10; 10; 10; 10; 10; 10; 10; 10; 10; 0; 0; 0; 0
0; 0; 1; 1; 1; 1; 1; 1; 1; 1; 1; 1; 1; 1; 7; 7; 7; 7; 7; 7; 7; 7; 7; 7; 7; 7; 7; 7; 7; 7; 7; 7; 7; 7; 7; 7; 7; 7; 7; 7; 7; 7; 7; 7; 7; 7; 7; 7; 7; 9; 9; 9; 9; 9; 9; 9; 9; 9; 9; 9; 9; 9; 9; 9; 9; 9; 9; 9; 9; 9; 9; 9; 9; 9; 9; 9; 9M; 9; 9; 9; 9; 9; 9; 5; 5; 5; 5; 5; 5; 5; 5; 5; 5; 5; 5; 5; 5; 5; 5; 5; 10; 10; 10; 10; 10; 10; 10; 10; 10; 10; 10; 10; 10; 10; 10; 10; 10; 10; 10; 10; 10; 10; 10; 10; 10; 0; 0; 0
0; 0; 1; 1; 1; 1; 1; 1; 1; 1; 1; 1; 1; 1; 7; 7; 7; 7; 7; 7; 7; 7; 7; 7; 7; 7; 7; 7; 7; 7; 7; 7; 7; 7M; 7; 7; 7; 7; 7; 7; 7; 7; 7; 7; 7; 7; 7; 7; 7; 9; 9; 9; 9; 9; 9; 9; 9; 9; 9; 9; 9; 9; 9; 9; 9; 9; 9; 9; 9; 9; 9; 9; 9; 9; 9; 9M; 9M; 9M; 9M; 9; 9; 9; 9; 5; 5; 5; 5; 5; 5; 5; 5; 5; 5; 5; 5; 5; 5; 5; 5; 5; 10; 10; 10; 10; 10; 10; 10; 10; 10; 10; 10; 10; 10; 10; 10; 10; 10; 10; 10; 10; 10; 10; 10; 10; 10; 10; 0; 0
0; 1; 1; 1; 1; 1; 1; 1; 1; 1; 1; 1; 1; 1; 7; 7; 7; 7; 7; 7; 7; 7; 7; 7; 7; 7; 7; 7; 7; 7; 7; 7; 7; 7; 7M; 7; 7; 7; 7; 7; 7; 7; 7; 7; 7; 7; 7; 7; 7; 9; 9; 9; 9; 9; 9; 9; 9; 9; 9; 9; 9; 9; 9; 9; 9; 9; 9; 9; 9; 9; 9; 9; 9; 9; 9; 9M; 9M; 9; 9M; 9M; 9; 9; 9; 5; 5; 5; 5; 5; 5; 5; 5; 5; 5; 5; 5P; 5; 5; 5; 5; 5; 10; 10; 10; 10; 10; 10; 10; 10; 10; 10; 10; 10; 10; 10; 10; 10; 10; 10; 10; 10; 10; 10; 10; 10; 10; 0; 0; 0
1; 1; 1; 1; 1; 1; 1; 1; 1; 1; 1; 1M; 1; 1; 7; 7; 7; 7; 7; 7; 7; 7; 7; 7; 7; 7; 7; 7; 7; 7; 7; 7; 7; 7M; 7; 7; 7; 7; 7; 7; 7; 7; 7; 7; 7; 7; 7; 7; 7; 9; 9; 9; 9; 9; 9; 9; 9; 9; 9; 9; 9; 9; 9; 9; 9; 9; 9; 9; 9; 9; 9; 9; 9M; 9M; 9M; 9M; 9M; 9; 9; 9; 9; 9; 9; 5; 5; 5; 5; 5; 5; 5; 5; 5; 5; 5; 5; 5; 5; 5; 5; 5; 10; 10; 10; 10; 10; 10; 10; 10; 10; 10; 10; 10; 10; 10; 10; 10; 10; 10; 10; 10; 10; 10; 10; 10; 0; 0; 0; 0
0; 0; 1; 1; 1; 1; 1; 1; 1; 1; 1M; 1M; 1M; 1M; 7; 7; 7; 7; 7; 7; 7; 7; 7; 7; 7; 7; 7; 7; 7; 7; 7; 7; 7; 7M; 7; 7; 7; 7; 7; 7; 7; 7; 7; 7; 7; 7; 7; 7; 7; 9; 9; 9; 9; 9; 9; 9; 9; 9; 9; 9; 9; 9; 9; 9; 9; 9; 9; 9; 9; 9; 9; 9M; 9M; 9M; 9M; 9M; 9M; 9; 9; 9; 9; 9; 9; 5; 5; 5; 5; 5; 5; 5; 5; 5; 5; 5; 5; 5; 5; 5; 5; 5; 10; 10; 10; 10; 10; 10; 10; 10; 10; 10; 10; 10; 10; 10; 10; 10; 10; 10; 10; 10; 10; 10; 10; 10; 0; 0; 0; 0
0; 1; 1; 1; 1; 1; 1; 1; 1; 1; 1; 1M; 1M; 1M; 7; 7; 7; 7; 7; 7; 7; 7; 7; 7; 7; 7; 7; 7; 7; 7; 7M; 7M; 7M; 7; 7; 7; 7; 7; 7; 7; 7; 7; 7; 7; 7; 7; 7; 7; 7; 9; 9; 9; 9; 9; 9; 9; 9; 9; 9; 9; 9; 9; 9; 9; 9; 9; 9; 9; 9; 9M; 9; 9M; 9; 9M; 9; 9; 9M; 9; 9; 9; 9; 9; 9; 5; 5; 5; 5; 5; 5; 5; 5; 5; 5; 5; 5; 5; 5; 5; 5; 5; 10; 10; 10; 10; 10; 10; 10; 10; 10; 10; 10; 10; 10; 10; 10; 10; 10; 10; 10; 10; 10; 10; 10; 10; 0; 0; 0; 0
0; 1; 1; 1; 1; 1; 1; 1; 1; 1; 1; 1M; 1; 1M; 7M; 7; 7; 7; 7; 7; 7; 7; 7; 7; 7; 7; 7; 7; 7; 7; 7; 7M; 7; 7; 7; 7; 7; 7; 7; 7; 7; 7; 7; 7; 7; 7; 7; 7; 7; 9; 9; 9; 9; 9; 9; 9; 9; 9; 9; 9; 9; 9; 9; 9; 9; 9; 9; 9; 9; 9; 9M; 9; 9; 9; 9; 9; 9; 9; 9; 9; 9; 9; 9; 5; 5; 5; 5; 5; 5; 5; 5; 5; 5; 5; 5; 5; 5; 5; 5; 5; 5; 10; 10; 10; 10; 10; 10; 10; 10; 10; 10; 10; 10; 10; 10; 10; 10; 10; 10; 10; 10; 10; 10; 10; 0; 0; 0; 0
0; 1; 1; 1; 1; 1; 1; 1; 1; 1; 1; 1; 1M; 1M; 7M; 7; 7; 7; 7; 7; 7; 7; 7; 7; 7; 7; 7; 7; 7; 7; 7; 7; 7M; 7; 7; 7; 7; 7; 7; 7; 7; 7; 7; 7; 7; 7; 7; 7; 7; 9; 9; 9; 9; 9; 9; 9; 9; 9; 9; 9; 9; 9; 9; 9; 9; 9; 9; 9; 9; 9; 9M; 9M; 9M; 9M; 9; 9; 9; 9; 9; 9; 9; 9; 9; 9; 5; 5; 5; 5M; 5M; 5M; 5M; 5M; 5; 5; 5; 5; 5; 5; 5; 5; 5; 10; 10; 10P; 10; 10; 10; 10; 10; 10; 10; 10; 10; 10; 10; 10; 10; 10; 10; 10; 10; 10; 10; 10; 0; 0; 0; 0
0; 0; 0; 1; 1; 1; 1; 1; 1; 1; 1; 1M; 1M; 1M; 7; 7; 7; 7; 7; 7; 7; 7; 7; 7; 7; 7; 7; 7; 7; 7; 7; 7; 7; 7M; 7; 7; 7; 7; 7; 7; 7; 7; 7; 7; 7; 7; 7; 7; 7; 9; 9; 9; 9; 9; 9; 9; 9; 9; 9; 9; 9; 9; 9; 9; 9; 9; 9; 9; 9; 9M; 9; 9M; 9; 9; 9M; 9; 9; 9; 9; 9; 9; 9; 9; 9; 5; 5; 5M; 5M; 5M; 5M; 5M; 5M; 5; 5; 5; 5; 5; 5; 5; 5; 5; 10; 10; 10; 10; 10; 10; 10; 10; 10; 10; 10; 10; 10; 10; 10; 10; 10; 10; 10; 10; 10; 10; 10; 0; 0; 0; 0
0; 0; 1; 1; 1; 1; 1; 1; 1; 1; 1M; 1M; 1M; 1M; 7M; 7; 7; 7; 7; 7; 7; 7; 7; 7; 7; 7; 7; 7; 7; 7; 7; 7; 7; 7M; 7; 7; 7; 7; 7; 7; 7; 7; 7; 7; 7; 7; 7; 7; 7; 9; 9; 9; 9; 9; 9; 9; 9; 9; 9; 9; 9; 9; 9; 9; 9; 9; 9; 9; 9; 9; 9M; 9; 9; 9M; 9; 9; 9; 9; 9; 9; 9; 9; 9; 9; 5; 5; 5M; 5; 5M; 5; 5M; 5; 5; 5; 5; 5; 5; 5; 5; 5; 5; 10; 10; 10; 10; 10; 10; 10; 10; 10; 10; 10; 10; 10; 10; 10; 10; 10; 10; 10; 10; 10; 10; 10; 10; 0; 0; 0
0; 1; 1; 1; 1; 1; 1; 1; 1; 1M; 1M; 1M; 1M; 1M; 7; 7; 7; 7; 7; 7; 7; 7; 7; 7; 7; 7; 7; 7; 7; 7; 7; 7; 7; 7; 7M; 7; 7; 7; 7; 7; 7; 7; 7; 7; 7; 7; 7; 7; 7; 9; 9; 9; 9; 9; 9; 9; 9; 9; 9; 9; 9; 9; 9; 9; 9; 9; 9; 9; 9; 9; 9; 9; 9M; 9M; 9; 9; 9; 9; 9; 9; 9; 9; 9; 9; 5; 5M; 5; 5; 5; 5; 5M; 5M; 5; 5; 5; 5; 5; 5; 5; 5; 5; 10; 10; 10; 10; 10; 10; 10; 10; 10; 10; 10; 10; 10; 10; 10; 10; 10; 10; 10; 10; 10; 10; 10; 10; 0; 0; 0
0; 0; 0; 0; 1; 1; 1; 1; 1; 1; 1M; 1M; 1M; 1M; 7; 7; 7; 7; 7; 7; 7; 7; 7; 7; 7; 7; 7; 7; 7; 7; 7; 7; 7; 7M; 7; 7; 7; 7; 7; 7; 7; 7; 7; 7; 7; 7; 7; 7; 7; 9; 9; 9; 9; 9; 9; 9; 9; 9; 9; 9; 9; 9; 9; 9; 9; 9; 9; 9; 9; 9; 9; 9; 9M; 9M; 9; 9; 9; 9; 9; 9; 9; 9; 9; 9; 5; 5; 5M; 5; 5; 5; 5; 5; 5; 5; 5; 5; 5; 5; 5; 5; 5; 10; 10; 10; 10; 10; 10; 10; 10; 10; 10; 10; 10; 10; 10; 10; 10; 10; 10; 10; 10; 10; 10; 10; 0; 0; 0; 0
1; 1; 1; 1; 1; 1; 1; 1; 1; 1; 1; 1M; 1; 1; 7M; 7; 7; 7; 7; 7; 7; 7; 7; 7; 7; 7; 7; 7; 7; 7; 7; 7; 7; 7; 7M; 7; 7; 7; 7; 7; 7; 7; 7; 7; 7; 7; 7; 7; 7; 9; 9; 9; 9; 9; 9; 9; 9; 9; 9; 9; 9; 9; 9; 9; 9; 9; 9; 9; 9; 9; 9; 9; 9; 9; 9; 9; 9; 9; 9; 9; 9; 9; 9; 9; 5; 5; 5; 5; 5; 5; 5; 5; 5; 5; 5; 5; 5; 5; 5; 5; 5; 10; 10; 10; 10; 10; 10; 10; 10; 10; 10; 10; 10; 10; 10; 10; 10; 10; 10; 10; 10; 10; 10; 10; 0; 0; 0; 0
1; 1; 1; 1; 1; 1; 1; 1; 1; 1; 1; 1M; 1M; 1M; 7; 7; 7; 7; 7; 7; 7; 7; 7; 7; 7; 7; 7; 7; 7; 7; 7; 7; 7; 7M; 7; 7; 7; 7; 7; 7; 7; 7; 7; 7; 7; 7; 7; 7; 7; 9; 9; 9; 9; 9; 9; 9; 9; 9; 9; 9; 9; 9; 9; 9; 9; 9; 9; 9; 9; 9; 9; 9; 9; 9; 9; 9; 9; 9; 9; 9; 9; 9; 9; 9; 5; 5; 5; 5; 5; 5; 5; 5; 5; 5; 5; 5; 5; 5; 5; 5; 5; 10; 10; 10; 10M; 10M; 10; 10; 10; 10; 10; 10; 10; 10; 10; 10; 10; 10; 10; 10; 10; 10; 10; 10; 0; 0; 0; 0
0; 0; 1; 1; 1; 1; 1; 1; 1; 1; 1M; 1; 1M; 1; 7; 7; 7; 7; 7; 7; 7; 7; 7; 7; 7; 7; 7; 7; 7; 7; 7; 7; 7M; 7; 7; 7; 7; 7; 7; 7; 7; 7; 7; 7; 7; 7; 7; 7; 7; 9; 9; 9; 9; 9; 9; 9; 9; 9; 9; 9; 9; 9; 9; 9; 9; 9; 9; 9; 9; 9; 9; 9; 9; 9; 9; 9; 9; 9; 9; 9; 9; 9; 9; 9; 5; 5; 5; 5; 5; 5; 5; 5; 5; 5; 5; 5; 5; 5; 5; 5; 5; 10; 10M; 10; 10; 10M; 10M; 10M; 10; 10; 10; 10; 10; 10; 10; 10; 10; 10; 10; 10; 10; 10; 10; 10; 0; 0; 0; 0
0; 0; 1; 1; 1; 1; 1; 1; 1; 1; 1; 1M; 1; 1; 7; 7; 7; 7; 7; 7; 7; 7; 7; 7; 7; 7; 7; 7; 7; 7; 7; 7; 7; 7; 7; 7; 7; 7; 7; 7; 7; 7; 7; 7; 7; 7; 7; 7; 7; 9; 9; 9; 9; 9; 9; 9; 9; 9; 9; 9; 9; 9; 9; 9; 9; 9; 9; 9; 9; 9; 9; 9; 9; 9; 9; 9; 9; 9; 9; 9; 9; 9; 9; 9; 5; 5; 5; 5; 5; 5; 5; 5; 5; 5; 5; 5; 5; 5; 5; 5; 5; 10; 10M; 10M; 10M; 10M; 10M; 10M; 10M; 10; 10; 10; 10; 10; 10; 10; 10; 10; 10; 10; 10; 10; 10; 10; 10; 10; 0; 0
0; 1; 1; 1; 1; 1; 1; 1; 1; 1; 1; 1; 1; 1; 7; 7; 7; 7; 7; 7; 7; 7; 7; 7; 7; 7; 7; 7; 7; 7; 7; 7; 7; 7; 7; 7; 7; 7; 7; 7; 7; 7; 7; 7; 7; 7; 7; 7; 7; 9; 9; 9; 9; 9; 9; 9; 9; 9; 9; 9; 9; 9; 9; 9; 9; 9; 9; 9; 9; 9; 9; 9; 9; 9; 9; 9; 9; 9; 9; 9; 9; 9; 9; 9; 5; 5; 5; 5; 5; 5; 5; 5; 5; 5; 5; 5; 5; 5; 5; 5; 5; 10; 10M; 10M; 10M; 10M; 10; 10; 10; 10; 10; 10; 10; 10; 10; 10; 10; 10; 10; 10; 10; 10; 10; 10; 10; 10; 0; 0
0; 0; 1; 1; 1; 1; 1; 1; 1; 1; 1; 1; 1; 1; 7; 7; 7; 7; 7; 7; 7; 7; 7; 7; 7; 7; 7; 7; 7; 7; 7; 7; 7; 7; 7; 7; 7; 7; 7; 7; 7; 7; 7; 7; 7; 7; 7; 7; 7; 9; 9; 9; 9; 9; 9; 9; 9; 9; 9; 9; 9; 9; 9; 9; 9; 9; 9; 9; 9; 9; 9; 9; 9; 9; 9; 9; 9; 9; 9; 9; 9; 9; 9; 9; 5; 5; 5; 5; 5; 5; 5; 5; 5; 5; 5; 5; 5; 5M; 5M; 5; 5M; 10M; 10; 10M; 10M; 10M; 10; 10M; 10; 10; 10; 10; 10; 10; 10; 10; 10; 10; 10; 10; 10; 10; 10; 10; 0; 0; 0; 0
0; 0; 1; 1; 1; 1; 1; 1; 1; 1; 1; 1; 1; 1; 1; 7; 7; 7; 7; 7; 7; 7; 7; 7; 7; 7; 7; 7; 7; 7; 7; 7; 7; 7; 7; 7; 7; 7; 7; 7; 7; 7; 7; 7; 7; 7; 7; 7; 7; 9; 9; 9; 9; 9; 9; 9; 9; 9; 9; 9; 9; 9; 9; 9; 9; 9; 9; 9; 9; 9; 9; 9; 9; 9; 9; 9; 9; 9; 9; 9; 9; 9; 9; 9; 5; 5; 5; 5; 5; 5; 5; 5; 5; 5; 5; 5; 5M; 5; 5M; 5M; 5; 10; 10; 10; 10; 10M; 10M; 10M; 10; 10; 10; 10; 10; 10; 10; 10; 10; 10; 10; 10; 10; 10; 10; 10; 0; 0; 0; 0
0; 0; 0; 0; 1; 1; 1; 1; 1; 1; 1; 1; 1; 1; 1; 7; 7; 7; 7; 7; 7; 7; 7; 7; 7; 7; 7; 7; 7; 7; 7; 7; 7; 7; 7; 7; 7; 7; 7; 7; 7; 7; 7; 7; 7; 7; 7; 7; 7; 9; 9; 9; 9; 9; 9; 9; 9; 9; 9; 9; 9; 9; 9; 9; 9; 9; 9; 9; 9; 9; 9; 9; 9; 9; 9; 9; 9; 9; 9; 9; 9; 9; 9; 9; 5; 5; 5; 5; 5; 5; 5; 5; 5; 5; 5; 5; 5; 5M; 5M; 5M; 5; 10; 10; 10; 10; 10; 10; 10; 10M; 10; 10; 10; 10; 10; 10; 10; 10; 10; 10; 10; 10; 10; 10; 10; 0; 0; 0; 0
0; 1; 1; 1; 1; 1; 1; 1; 1; 1; 1; 1; 1; 1; 1; 7; 7; 7; 7; 7; 7; 7; 7; 7; 7; 7; 7; 7; 7; 7; 7; 7; 7; 7; 7; 7; 7; 7; 7; 7; 7; 7; 7; 7; 7; 7; 7; 7; 7; 9; 9; 9; 9; 9; 9; 9; 9; 9; 9; 9; 9; 9; 9; 9; 9; 9; 9; 9; 9; 9; 9; 9; 9; 9; 9; 9; 9; 9; 9; 9; 9P; 9; 9; 9; 5; 5; 5; 5; 5; 5; 5; 5; 5; 5; 5; 5; 5; 5M; 5; 5; 5; 10; 10; 10; 10; 10; 10; 10M; 10M; 10; 10; 10; 10; 10; 10; 10; 10; 10; 10; 10; 10; 10; 10; 10; 0; 0; 0; 0
0; 0; 1; 1; 1; 1; 1; 1; 1; 1; 1; 1; 1; 1; 1; 7; 7; 7; 7; 7; 7; 7; 7; 7; 7; 7; 7; 7; 7; 7; 7; 7; 7; 7; 7; 7; 7; 7; 7; 7; 7; 7; 7; 7; 7; 7; 7; 7; 7; 9; 9; 9; 9; 9; 9; 9; 9; 9; 9; 9; 9; 9; 9; 9; 9; 9; 9; 9; 9; 9; 9; 9; 9; 9; 9; 9; 9; 9; 9; 9; 9; 9; 9; 9; 5; 5; 5; 5; 5; 5; 5; 5; 5; 5; 5; 5; 5; 5; 5; 5; 5; 10; 10; 10; 10; 10; 10; 10; 10; 10; 10; 10; 10; 10; 10; 10; 10; 10; 10; 10; 10; 10; 10; 10; 0; 0; 0; 0
0; 0; 1; 1; 1; 1; 1; 1; 1; 1; 1; 1; 1; 1; 1; 7; 7; 7; 7; 7; 7; 7; 7; 7; 7; 7; 7; 7; 7; 7; 7; 7; 7; 7; 7; 7; 7; 7; 7; 7; 7; 7; 7; 7; 7; 7; 7; 7; 7; 9; 9; 9; 9; 9; 9; 9; 9; 9; 9; 9; 9; 9; 9; 9; 9; 9; 9; 9; 9; 9; 9; 9; 9; 9; 9; 9; 9; 9; 9; 9; 9; 9; 9; 9; 5; 5; 5; 5; 5; 5; 5; 5; 5; 5; 5; 5; 5; 5; 5; 5; 5; 10; 10; 10; 10; 10; 10; 10; 10; 10; 10; 10; 10; 10; 10; 10; 10; 10; 10; 10; 10; 10; 10; 10; 10; 0; 0; 0
0; 0; 1; 1; 1; 1; 1; 1; 1; 1; 1; 1; 1; 1; 1; 7; 7; 7; 7; 7; 7; 7; 7; 7; 7; 7; 7; 7; 7; 7; 7; 7; 7; 7; 7; 7; 7; 7; 7; 7; 7; 7; 7; 7; 7; 7; 7; 7; 7; 9; 9; 9; 9; 9; 9; 9; 9; 9; 9; 9; 9; 9; 9; 9; 9; 9; 9; 9; 9; 9; 9; 9; 9; 9; 9; 9; 9; 9; 9; 9; 9; 9; 9; 9; 5; 5; 5; 5; 5; 5; 5; 5; 5; 5; 5; 5; 5; 5; 5; 5; 5; 10; 10; 10; 10; 10; 10; 10; 10; 10; 10; 10; 10; 10; 10; 10; 10; 10; 10; 10; 10; 10; 10; 10; 0; 0; 0; 0
0; 0; 1; 1; 1; 1; 1; 1; 1; 1; 1; 1; 1; 1; 1; 7; 7; 7; 7; 7; 7; 7; 7; 7; 7; 7; 7; 7; 7; 7; 7; 7; 7; 7; 7; 7; 7; 7; 7; 7; 7; 7; 7; 7; 7; 7; 7; 7; 7; 7; 9; 9; 9; 9; 9; 9; 9; 9; 9; 9; 9; 9; 9; 9; 9; 9; 9; 9; 9; 9; 9; 9; 9; 9; 9; 9; 9; 9; 9; 9; 9; 9; 9; 9; 5; 5; 5; 5; 5; 5; 5; 5; 5; 5; 5; 5; 5; 5; 5; 5; 5; 5; 5; 5; 5; 5; 5; 5; 5; 5; 5; 5; 5; 5; 5; 5; 5; 5; 5; 5; 5; 5; 5; 5; 5; 0; 0; 0
0; 0; 1; 1; 1; 1; 1; 1; 1; 1; 1; 1; 1; 1; 1; 7; 7; 7; 7; 7; 7; 7; 7; 7; 7; 7; 7; 7; 7; 7; 7; 7; 7; 7; 7; 7; 7; 7; 7; 7; 7; 7; 7; 7; 7; 7; 7; 7; 7; 7; 9; 9; 9; 9; 9; 9; 9; 9; 9; 9; 9; 9; 9; 9; 9; 9; 9; 9; 9; 9; 9; 9; 9; 9; 9; 9; 9; 9; 9; 9; 9; 9; 9; 9; 5; 5; 5; 5; 5; 5; 5; 5; 5; 5; 5; 5; 5; 5; 5; 5; 5; 5; 5; 5; 5; 5; 5; 5; 5; 5; 5; 5; 5; 5; 5; 5; 5; 5; 5; 5; 5; 5; 5; 5; 0; 0; 0; 0
0; 0; 0; 0; 1; 1; 1; 1; 1; 1; 1; 1; 1; 1; 1; 7; 7; 7; 7; 7; 7; 7; 7; 7; 7; 7; 7; 7; 7; 7; 7; 7; 7; 7; 7; 7; 7; 7; 7; 7; 7; 7; 7; 7; 7; 7; 7; 7; 7; 7; 9; 9; 9; 9; 9; 9; 9; 9; 9; 9; 9; 9; 9; 9; 9; 9; 9; 9; 9; 9; 9; 9; 9; 9; 9; 9; 9; 9; 9; 9; 9; 9; 9; 9; 5; 5; 5; 5; 5; 5; 5; 5; 5; 5; 5; 5; 5; 5; 5; 5; 5; 5; 5; 5; 5; 5; 5; 5; 5; 5; 5; 5; 5; 5; 5; 5; 5; 5; 5; 5; 5; 5; 5; 5; 0; 0; 0; 0
0; 0; 0; 1; 1; 1; 1; 1; 1; 1; 1; 1; 1; 1; 1; 7; 7; 7; 7; 7; 7; 7; 7; 7; 7; 7; 7; 7; 7; 7; 7; 7; 7; 7; 7; 7; 7; 7; 7; 7; 7; 7; 7; 7; 7; 7; 7; 7; 7; 7; 9; 9; 9; 9; 9; 9; 9; 9; 9; 9; 9; 9; 9; 9; 9; 9; 9; 9; 9; 9; 9; 9; 9; 9; 9; 9; 9; 9; 9; 9; 9; 9; 9; 9; 5; 5; 5; 5; 5; 5; 5; 5; 5; 5; 5; 5; 5; 5; 5; 5; 5; 5; 5; 5; 5; 5; 5; 5; 5; 5; 5; 5; 5; 5; 5; 5; 5; 5; 5; 5; 5; 5; 5; 5; 5; 5; 0; 0
0; 0; 1; 1; 1; 1; 1; 1; 1; 1; 1; 1; 1; 1; 1; 7; 7; 7; 7; 7; 7; 7; 7; 7; 7; 7; 7; 7; 7; 7; 7; 7; 7; 7; 7; 7; 7; 7; 7; 7; 7; 7; 7; 7; 7; 7; 7; 7; 7; 7; 9; 9; 9; 9; 9; 9; 9; 9; 9; 9; 9; 9; 9; 9; 9; 9; 9; 9; 9; 9; 9; 9; 9; 9; 9; 9; 9; 9; 9; 9; 9; 9; 9; 9; 5; 5; 5; 5; 5; 5; 5; 5; 5; 5; 5; 5; 5; 5; 5; 5; 5; 5; 5; 5; 5; 5; 5; 5; 5; 5; 5; 5; 5; 5; 5; 5; 5; 5; 5; 5; 5; 5; 5; 5; 0; 0; 0; 0
0; 0; 1; 1; 1; 1; 1; 1; 1; 1; 1; 1; 1; 1; 1; 7; 7; 7; 7; 7; 7; 7; 7; 7; 7; 7; 7; 7; 7; 7; 7; 7; 7; 7; 7; 7; 7; 7; 7; 7; 7; 7; 7; 7; 7; 7; 7; 7; 7; 7; 9; 9; 9; 9; 9; 9; 9; 9; 9; 9; 9; 9; 9; 9; 9; 9; 9; 9; 9; 9; 9; 9; 9; 9; 9; 9; 9; 9; 9; 9; 9; 9; 9; 9; 5; 5; 5; 5; 5; 5; 5; 5; 5; 5; 5; 5; 5; 5; 5; 5; 5; 5; 5; 5; 5; 5; 5; 5; 5; 5; 5; 5; 5; 5; 5; 5; 5; 5; 5; 5; 5; 5; 5; 5; 0; 0; 0; 0
0; 0; 1; 1; 1; 1; 1; 1; 1; 1; 1; 1; 1; 1; 1; 7; 7; 7; 7; 7; 7; 7; 7; 7; 7; 7; 7; 7; 7; 7; 7; 7; 7; 7; 7; 7; 7; 7; 7; 7; 7; 7; 7; 7; 7; 7; 7; 7; 7; 7; 9; 9; 9; 9; 9; 9; 9; 9; 9; 9; 9; 9; 9; 9; 9; 9; 9; 9; 9; 9; 9; 9; 9; 9; 9; 9; 9; 9; 9; 9; 9; 9; 9; 9; 5; 5; 5; 5; 5; 5; 5; 5; 5; 5; 5; 5; 5; 5; 5; 5; 5; 5; 5; 5; 5; 5; 5; 5; 5; 5; 5; 5; 5; 5; 5; 5; 5; 5; 5; 5; 5; 5; 5; 5; 5; 0; 0; 0
0; 1; 1; 1; 1; 1; 1; 1; 1; 1; 1; 1; 1; 1; 1; 1; 1; 1; 1; 1; 1; 1; 1; 1; 1; 1; 1; 1; 1; 6; 6; 6; 6; 6; 6; 6; 6; 6; 6; 6; 6; 6; 6; 6; 6; 3; 3; 3; 3; 3; 3; 3; 3; 3; 3; 3; 3; 3; 3; 3; 3; 3; 3; 3; 3; 3; 3; 3; 3; 3; 3; 3; 3; 3; 3; 3; 3; 3; 3; 11; 11; 11; 11; 11; 5; 5; 5; 5; 5; 5; 5; 5; 5; 5; 5; 5; 5; 5; 5; 5; 5; 5; 5; 5; 5; 5; 5; 5; 5; 5; 5; 5; 5; 5; 5; 5; 5; 5; 5; 5; 5; 5; 5; 5; 5; 5; 0; 0
0; 1; 1; 1; 1; 1; 1; 1; 1; 1; 1; 1; 1; 1; 1; 1; 1; 1; 1; 1; 1; 1; 1; 1; 1; 1; 1; 1; 1; 6; 6; 6; 6; 6; 6; 6; 6; 6; 6; 6; 6; 6; 6; 6; 6; 3; 3; 3; 3; 3; 3; 3; 3; 3; 3; 3; 3; 3; 3; 3; 3; 3; 3; 3; 3; 3; 3; 3; 3; 3; 3; 3; 3; 3; 3; 3; 3; 3; 3; 11; 11; 11; 11; 11; 5; 5; 5; 5; 5; 5; 5; 5; 5; 5; 5; 5; 5; 5; 5; 5; 5; 5; 5; 5; 5; 5; 5; 5; 5; 5; 5; 5; 5; 5; 5; 5; 5; 5; 5; 5; 5; 5; 5; 5; 0; 0; 0; 0
1; 1; 1; 1; 1; 1; 1; 1; 1; 1; 1; 1; 1; 1; 1; 1; 1; 1; 1; 1; 1; 1; 1; 1; 1; 1; 1; 1; 6; 6; 6; 6; 6; 6; 6; 6; 6; 6; 6; 6; 6; 6; 6; 6; 6; 3; 3; 3; 3; 3; 3; 3; 3; 3; 3; 3; 3; 3; 3M; 3; 3; 3; 3M; 3; 3; 3; 3; 3; 3; 3; 3; 3; 3; 3; 3; 3; 3; 3; 3; 11; 11; 11; 11; 11; 5; 5; 5; 5; 5; 5; 5; 5; 5; 5; 5; 5; 5; 5; 5; 5; 5; 5; 5; 5; 5; 5; 5; 5; 5; 5; 5; 5; 5; 5; 5; 5; 5; 5; 5; 5; 5; 5; 5; 5; 0; 0; 0; 0
0; 0; 1; 1; 1; 1; 1; 1; 1; 1; 1; 1; 1; 1; 1; 1; 1; 1; 1; 1; 1; 1; 1; 1; 1; 1; 1; 1; 6; 6; 6; 6; 6; 6; 6; 6; 6; 6; 6; 6; 6; 6; 6; 6; 6; 3; 3; 3; 3; 3; 3; 3; 3; 3; 3; 3; 3; 3M; 3; 3; 3M; 3M; 3M; 3; 3; 3; 3; 3; 3; 3; 3; 3; 3; 3; 3; 3; 3; 3; 3; 11; 11; 11; 11; 11; 5; 5; 5; 5; 5; 5; 5; 5; 5; 5; 5; 5; 5; 5; 5; 5; 5; 5; 5; 5; 5; 5; 5; 5; 5; 5; 5; 5; 5; 5; 5; 5; 5; 5; 5; 5; 5; 5; 5; 5; 0; 0; 0; 0
1; 1; 1; 1; 1; 1; 1; 1; 1; 1; 1; 1; 1; 1; 1; 1; 1; 1; 1; 1; 1; 1; 1; 1; 1; 1; 1; 1; 6; 6; 6; 6; 6; 6; 6; 6; 6; 6; 6; 6; 6; 6; 6; 6; 6; 3; 3; 3; 3; 3; 3; 3; 3; 3; 3; 3; 3M; 3; 3M; 3M; 3; 3M; 3; 3; 3; 3; 3; 3; 3; 3; 3; 3; 3; 3; 3; 3; 3; 3; 3; 11; 11; 11; 11; 11; 5; 5; 5; 5; 5; 5; 5; 5; 5; 5; 5; 5; 5; 5; 5; 5; 5; 5; 5; 5; 5; 5; 5; 5; 5; 5; 5; 5; 5; 5; 5; 5; 5; 5; 5; 5; 5; 5; 5; 5; 5; 0; 0; 0
0; 0; 0; 1; 1; 1; 1; 1; 1; 1; 1; 1; 1; 1; 1; 1; 1; 1; 1; 1; 1; 1; 1; 1; 1; 1; 1; 1; 6; 6; 6; 6; 6; 6; 6; 6; 6; 6; 6; 6; 6; 6; 6; 6; 6; 3; 3; 3; 3; 3; 3; 3; 3; 3; 3; 3; 3M; 3M; 3M; 3; 3M; 3; 3M; 3; 3; 3; 3; 3; 3; 3; 3; 3; 3; 3; 3; 3; 3; 3; 3; 11; 11; 11; 11; 11; 5; 5; 5; 5; 5; 5; 5; 5; 5; 5; 5; 5; 5; 5; 5; 5; 5; 5; 5; 5; 5; 5; 5; 5; 5; 5; 5; 5; 5; 5; 5; 5; 5; 5; 5; 5; 5; 5; 5; 5; 5; 0; 0; 0
0; 0; 0; 1; 1; 1; 1; 1; 1; 1; 1; 1; 1; 1; 1; 1; 1; 1; 1; 1; 1; 1; 1; 1; 1; 1; 1; 1; 6; 6; 6; 6; 6; 6; 6; 6; 6; 6; 6; 6; 6; 6; 6; 6; 6; 3; 3; 3; 3; 3; 3; 3; 3; 3; 3; 3; 3M; 3M; 3M; 3; 3; 3M; 3; 3; 3; 3; 3; 3; 3; 3; 3; 3; 3; 3; 3; 3; 3; 3; 3; 11; 11; 11; 11; 11; 5; 5; 5; 5; 5; 5; 5; 5; 5; 5; 5; 5; 5; 5; 5; 5; 5; 5; 5; 5; 5; 5; 5; 5; 5; 5; 5; 5; 5; 5; 5; 5; 5; 5; 5; 5; 5; 5; 5; 5; 5; 5; 0; 0
0; 0; 1; 1; 1; 1; 1; 1; 1; 1; 1; 1; 1; 1; 1; 1; 1; 1; 1; 1; 1; 1; 1; 1; 1; 1; 1; 1; 6; 6; 6; 6; 6; 6; 6; 6; 6; 6; 6; 6; 6; 6; 6; 6; 6; 3; 3; 3; 3; 3; 3; 3; 3; 3; 3M; 3M; 3M; 3; 3M; 3; 3; 3; 3; 3; 3; 3; 3; 3; 3; 3; 3; 3; 3; 3; 3; 3; 3; 3; 3; 11; 11; 11; 11; 11; 5; 5; 5; 5; 5; 5; 5; 5; 5; 5; 5; 5; 5; 5; 5; 5; 5; 5; 5; 5; 5; 5; 5; 5; 5; 5; 5; 5; 5; 5; 5; 5; 5; 5; 5; 5; 5; 5; 5; 5; 0; 0; 0; 0
0; 1; 1; 1; 1; 1; 1; 1; 1; 1; 1; 1; 1; 1; 1; 1; 1; 1; 1; 1; 1; 1; 1; 1; 1; 1; 1; 1; 6; 6; 6; 6; 6; 6; 6; 6; 6; 6; 6; 6; 6; 6; 6; 6; 6; 3; 3; 3; 3; 3; 3; 3; 3; 3; 3; 3; 3; 3M; 3; 3; 3; 3; 3; 3; 3; 3; 3; 3; 3; 3; 3; 3; 3; 3; 3; 3; 3; 3; 3; 11; 11; 11; 11; 11; 5; 5; 5; 5; 5; 5; 5; 5; 5; 5; 5; 5; 5; 5; 5; 5; 5; 5; 5; 5; 5; 5; 5; 5; 5; 5; 5; 5; 5; 5; 5; 5; 5; 5; 5; 5; 5; 5; 5; 5; 0; 0; 0; 0
0; 0; 1; 1; 1; 1; 1; 1; 1; 1; 1; 1; 1; 1; 1; 1; 1; 1; 1; 1; 1; 1; 1; 1; 1; 1; 1; 1; 6; 6; 6; 6; 6; 6; 6; 6; 6; 6; 6; 6; 6; 6; 6; 6; 6; 3; 3; 3; 3; 3; 3; 3; 3; 3; 3; 3; 3; 3; 3; 3; 3; 3; 3; 3; 3; 3; 3; 3; 3; 3; 3; 3; 3; 3; 3; 3; 3; 3; 3; 11; 11; 11; 11; 11; 5; 5; 5; 5; 5; 5; 5; 5; 5; 5; 5; 5; 5; 5; 5; 5; 5; 5; 5; 5; 5; 5; 5; 5; 5; 5; 5; 5; 5; 5; 5; 5; 5; 5; 5; 5; 5; 5; 5; 5; 0; 0; 0; 0
0; 1; 1; 1; 1; 1; 1; 1; 1; 1; 1; 1; 1; 1; 1; 1; 1; 1; 1; 1; 1; 1; 1; 1; 1; 1; 1; 1; 6; 6; 6; 6; 6; 6; 6; 6; 6; 6; 6; 6; 6; 6; 6; 6; 6; 3; 3; 3; 3; 3; 3; 3; 3; 3; 3; 3; 3; 3; 3; 3; 3; 3; 3; 3; 3; 3; 3; 3; 3; 3; 3; 3; 3; 3; 3; 3; 3; 3; 3; 11; 11; 11; 11; 11; 11; 11; 11; 11; 11; 11; 11; 11; 11; 11; 11; 11; 11; 11; 11; 11; 11; 11; 11; 11; 11; 11; 11; 11; 11; 11; 11; 11; 11; 11; 11; 11; 11; 11; 12; 12; 12; 12; 12; 12; 0; 0; 0; 0
0; 0; 0; 1; 1; 1; 1; 1; 1P; 1; 1; 1; 1; 1; 1; 1; 1; 1; 1; 1; 1; 1; 1; 1; 1; 1; 1; 1; 6; 6; 6; 6; 6; 6; 6; 6; 6; 6; 6; 6; 6; 6; 6; 6; 6; 3; 3; 3; 3; 3; 3; 3; 3; 3; 3; 3; 3; 3; 3; 3; 3; 3; 3; 3; 3; 3; 3; 3; 3; 3; 3; 3; 3; 3; 3; 3; 3; 3; 3; 11; 11; 11; 11; 11; 11; 11; 11; 11; 11; 11; 11; 11; 11; 11; 11; 11; 11; 11; 11; 11; 11; 11; 11; 11; 11; 11; 11; 11; 11; 11; 11; 11; 11; 11; 11; 11; 11; 11; 12; 12; 12; 12; 12; 12; 0; 0; 0; 0
0; 0; 1; 1; 1; 1; 1; 1; 1; 1; 1; 1; 1; 1; 1; 1; 1; 1; 1; 1; 1; 1; 1; 1; 1; 1; 1; 1; 6; 6; 6; 6; 6; 6; 6; 6; 6; 6; 6; 6; 6; 6; 6; 6; 6; 3; 3; 3; 3; 3; 3; 3; 3; 3; 3; 3; 3; 3; 3; 3; 3; 3; 3; 3; 3; 3; 3; 3; 3; 3; 3; 3; 3; 3; 3; 3; 3; 3; 3; 11; 11; 11; 11; 11; 11; 11; 11; 11; 11; 11; 11; 11; 11; 11; 11; 11; 11; 11; 11; 11; 11; 11; 11; 11; 11; 11; 11; 11; 11; 11; 11; 11; 11; 11; 11; 11; 11; 11; 12; 12; 12; 12; 12; 12; 0; 0; 0; 0
0; 0; 0; 1; 1; 1; 1; 1; 1; 1; 1; 1; 1; 1; 1; 1; 1; 1; 1; 1; 1; 1; 1; 1; 1; 1; 1; 1; 6; 6; 6; 6; 6; 6; 6; 6; 6; 6; 6; 6; 6; 6; 6; 6; 6; 3; 3; 3; 3; 3; 3; 3; 3; 3; 3; 3; 3; 3; 3; 3; 3; 3; 3; 3; 3; 3; 3; 3; 3; 3; 3; 3; 3; 3; 3; 3; 3; 3; 3; 11; 11; 11; 11; 11; 11; 11; 11; 11; 11; 11; 11; 11; 11; 11; 11; 11; 11; 11; 11; 11; 11; 11; 11; 11; 11; 11; 11; 11; 11; 11; 11; 11; 11; 11; 11; 11; 11; 11; 12; 12; 12; 12; 12; 12; 12; 0; 0; 0
0; 0; 1; 1; 1; 1; 1; 1; 1; 1; 1; 1; 1; 1; 1; 1; 1; 1; 1; 1; 1; 1; 1; 1; 1; 1; 1; 1; 6; 6; 6; 6; 6; 6; 6; 6; 6; 6; 6; 6; 6; 6; 6; 6; 6; 3; 3; 3; 3; 3; 3; 3; 3; 3; 3; 3; 3; 3; 3; 3; 3; 3; 3; 3; 3; 3; 3; 3; 3; 3; 3; 3; 3; 3; 3; 3; 3; 3; 3; 11; 11; 11; 11; 11; 11; 11; 11; 11; 11; 11; 11; 11; 11; 11; 11; 11; 11; 11; 11; 11; 11; 11; 11; 11; 11; 11; 11; 11; 11; 11; 11; 11; 11; 11; 11; 11; 11; 11; 12; 12; 12; 12; 12; 12; 0; 0; 0; 0
0; 0; 1; 1; 1; 1; 1; 1; 1; 1; 1; 1; 1; 1; 1; 1; 1; 1; 1; 1; 1; 1; 1; 1; 1; 1; 1; 1; 6; 6; 6; 6; 6; 6; 6; 6; 6; 6; 6; 6; 6; 6; 6; 6; 6; 3; 3; 3; 3; 3; 3; 3; 3; 3; 3; 3; 3; 3; 3; 3; 3; 3; 3; 3; 3; 3; 3; 3; 3; 3; 3; 3; 3; 3; 3; 3; 3; 3; 3; 11; 11; 11; 11; 11; 11; 11; 11; 11; 11; 11; 11; 11; 11; 11; 11; 11; 11; 11; 11; 11; 11; 11; 11; 11; 11; 11; 11; 11; 11; 11; 11; 11; 11; 11; 11; 11; 11; 11; 12; 12; 12; 12; 12; 12; 12; 0; 0; 0
0; 0; 1; 1; 1; 1; 1; 1; 1; 1; 1; 1; 1; 1; 1; 1; 1; 1; 1; 1; 1; 1; 1; 1; 1; 1; 1; 1; 6; 6; 6; 6; 6; 6; 6; 6; 6; 6; 6; 6; 6; 6; 6; 6; 6; 3; 3; 3; 3; 3; 3; 3; 3; 3; 3; 3; 3; 3; 3; 3; 3; 3; 3; 3; 3; 3; 3; 3; 3; 3; 3; 3; 3; 3; 3; 3; 3; 3; 11; 11; 11; 11; 11; 11; 11; 11; 11; 11; 11; 11; 11; 11; 11; 11; 11; 11; 11; 11; 11; 11; 11; 11; 11; 11; 11; 11; 11; 11; 11; 11; 11; 11; 11; 11; 11; 11; 11; 11; 12; 12; 12; 12; 12; 12; 12; 0; 0; 0
0; 0; 1; 1; 1; 1; 1; 1; 1; 1; 1; 1; 1; 1; 1; 1; 1; 1; 1; 1; 1; 1; 1; 1; 1; 1; 1; 1; 6; 6; 6; 6; 6; 6; 6; 6; 6; 6; 6; 6; 6; 6; 6; 6; 6; 3; 3; 3; 3; 3; 3; 3; 3; 3; 3; 3; 3; 3; 3; 3; 3; 3; 3; 3; 3; 3; 3; 3; 3; 3; 3; 3; 3; 3; 3; 3; 3; 3; 11; 11; 11; 11; 11; 11; 11; 11; 11; 11; 11; 11; 11; 11; 11; 11; 11; 11; 11; 11; 11; 11; 11; 11; 11; 11; 11; 11; 11; 11; 11; 11; 11; 11; 11; 11; 11; 11; 11; 11; 12; 12; 12; 12; 12; 12; 0; 0; 0; 0
0; 0; 1; 1; 1; 1; 1; 1; 1; 1; 1; 1; 1; 1; 1; 1; 1; 1; 1; 1; 1; 1; 1; 1; 1; 1; 1; 1; 6; 6; 6; 6; 6; 6; 6; 6; 6; 6; 6; 6; 6; 6; 6; 6; 6; 3; 3; 3; 3; 3; 3; 3; 3; 3; 3; 3; 3; 3; 3; 3; 3; 3; 3; 3; 3; 3; 3; 3; 3; 3; 3; 3; 3; 3; 3; 3; 3; 3; 11; 11; 11; 11; 11; 11; 11; 11; 11; 11; 11; 11; 11; 11; 11; 11; 11; 11; 11; 11; 11; 11; 11; 11; 11; 11; 11; 11; 11; 11; 11; 11; 11; 11; 11; 11; 11; 11; 11; 11; 12; 12; 12; 12; 12; 12; 12; 0; 0; 0
0; 0; 1; 1; 1; 1; 1; 1; 1; 1; 1; 1; 1; 1; 1; 1; 1; 1; 1; 1; 1; 1; 1; 1; 1; 1; 1; 1; 6; 6; 6; 6; 6; 6; 6; 6; 6; 6; 6; 6; 6; 6; 6; 6; 6; 3; 3; 3; 3; 3; 3; 3; 3; 3; 3; 3; 3; 3; 3; 3; 3; 3; 3; 3; 3; 3; 3; 3; 3; 3; 3; 3; 3; 3; 3; 3; 3; 3; 11; 11; 11; 11; 11; 11; 11; 11; 11; 11; 11; 11; 11; 11; 11; 11; 11; 11; 11; 11; 11; 11; 11; 11; 11; 11; 11; 11; 11; 11; 11; 11; 11; 11; 11; 11; 11; 11; 11; 11; 12; 12; 12; 12; 12; 12; 0; 0; 0; 0
0; 1; 1; 1; 1; 1; 1; 1; 1; 1; 1; 1; 1; 1; 1; 1; 1; 1; 1; 1; 1; 1; 1; 1; 1; 1; 1; 1; 6; 6; 6; 6; 6; 6; 6; 6; 6; 6; 6; 6; 6; 6; 6; 6; 6; 3; 3; 3; 3; 3; 3; 3; 3; 3; 3; 3; 3; 3; 3; 3; 3; 3; 3; 3; 3; 3; 3; 3; 3; 3; 3; 3; 3; 3; 3; 3; 3; 3; 11; 11; 11; 11; 11; 11; 11; 11; 11; 11; 11; 11; 11; 11; 11; 11; 11; 11; 11; 11; 11; 11; 11; 11; 11; 11; 11; 11; 11; 11; 11; 11; 11; 11; 11; 11; 11; 11; 11; 11; 12; 12; 12; 12; 12; 12; 0; 0; 0; 0
0; 0; 0; 1; 1; 1; 1; 1; 1; 1; 1; 1; 1; 1; 1; 1; 1; 1; 1; 1; 1; 1; 1; 1; 1; 1; 1; 1; 6; 6; 6; 6; 6; 6; 6; 6; 6; 6; 6; 6; 6; 6; 6; 6; 6; 3; 3; 3; 3; 3; 3; 3; 3; 3; 3; 3; 3; 3; 3; 3; 3; 3; 3; 3; 3; 3; 3; 3; 3; 3; 3; 3; 3; 3; 3; 3; 3; 3; 11; 11; 11; 11; 11; 11; 11; 11; 11; 11; 11; 11; 11; 11; 11; 11; 11; 11; 11; 11; 11; 11; 11; 11; 11; 11; 11; 11; 11; 11; 11; 11; 11; 11; 11; 11; 11; 11; 11; 11; 12; 12; 12; 12; 12; 12; 0; 0; 0; 0
0; 0; 0; 1; 1; 1; 1; 1; 1; 1; 1; 1; 1; 1; 1; 1; 1; 1; 1; 1; 1; 1; 1; 1; 1; 1; 1; 1; 6; 6; 6; 6; 6; 6; 6; 6; 6; 6; 6; 6; 6; 6; 6; 6; 6; 3; 3; 3; 3; 3; 3; 3; 3; 3; 3; 3; 3; 3; 3; 3; 3; 3; 3; 3; 3; 3; 3; 3; 3; 3; 3; 3; 3; 3; 3; 3; 3; 3; 11; 11; 11; 11; 11; 11; 11; 11; 11; 11; 11; 11; 11; 11; 11; 11; 11; 11; 11; 11; 11; 11; 11; 11; 11; 11; 11; 11; 11; 11; 11; 11; 11; 11; 11; 11; 11; 11; 11; 11; 12; 12; 12; 12; 12; 12; 12; 0; 0; 0
0; 0; 1; 1; 1; 1; 1; 1; 1; 1; 1; 1; 1; 1; 1; 1; 1; 1; 1; 1; 1; 1; 1; 1; 1; 1; 1; 1; 6; 6; 6; 6; 6; 6; 6; 6; 6; 6; 6; 6; 6; 6; 6; 6; 3; 3; 3; 3; 3; 3; 3; 3; 3; 3; 3; 3; 3; 3; 3; 3; 3; 3; 3; 3; 3; 3; 3; 3; 3; 3; 3; 3; 3; 3; 3; 3; 3; 3; 11; 11; 11; 11; 11; 11; 11; 11; 11; 11; 11; 11; 11; 11; 11; 11; 11; 11; 11; 11; 11; 11; 11; 11; 11; 11; 11; 11; 11; 11; 11; 11; 11; 11; 11; 11; 11; 11; 11; 12; 12; 12; 12; 12; 12; 12; 12; 12; 12; 0
0; 0; 1; 1; 1; 1; 1; 1; 1; 1; 1; 1; 1; 1; 1; 1; 1; 1; 1; 1; 1; 1; 1; 1; 1; 1; 1; 1; 6; 6; 6; 6; 6; 6; 6; 6; 6; 6; 6; 6; 6; 6; 6; 6; 3; 3; 3; 3; 3; 3; 3; 3; 3; 3; 3; 3; 3; 3; 3; 3; 3; 3; 3; 3; 3; 3; 3; 3; 3; 3; 3; 3; 3; 3; 3; 3; 3; 3; 11; 11; 11; 11; 11; 11; 11; 11; 11; 11; 11; 11; 11; 11; 11; 11; 11; 11; 11; 11; 11; 11; 11; 11; 11; 11; 11; 11; 11; 11; 11; 11; 11; 11; 11; 11; 11; 11; 11; 12; 12; 12; 12; 12; 12; 12; 0; 0; 0; 0
0; 0; 1; 1; 1; 1; 1; 1; 1; 1; 1; 1; 1; 1; 1; 1; 1; 1; 1; 1; 1; 1; 1; 1; 1; 1; 1; 1; 6; 6; 6; 6; 6; 6; 6; 6; 6; 6; 6; 6; 6; 6; 6; 6; 3; 3; 3; 3; 3; 3; 3; 3; 3; 3; 3; 3; 3; 3; 3; 3; 3; 3; 3; 3; 3; 3; 3; 3; 3; 3; 3; 3; 3; 3; 3; 3; 3; 3; 11; 11; 11; 11; 11; 11; 11; 11; 11; 11; 11; 11; 11; 11; 11; 11; 11; 11; 11; 11; 11; 11; 11; 11; 11; 11; 11; 11; 11; 11; 11; 11; 11; 11; 11; 11; 11; 11; 11; 12; 12; 12; 12; 12; 12; 12; 0; 0; 0; 0
0; 0; 1; 1; 1; 1; 1; 1; 1; 1; 1; 1; 1; 1; 1; 1; 1; 1; 1; 1; 1; 1; 1; 1; 1; 1; 1; 1; 6; 6; 6; 6; 6; 6; 6; 6; 6; 6; 6; 6; 6; 6; 6; 6; 3; 3; 3; 3; 3; 3; 3; 3; 3; 3; 3; 3; 3; 3; 3; 3; 3; 3; 3; 3; 3; 3; 3; 3; 3; 3; 3; 3; 3; 3; 3; 3; 3; 3; 11; 11; 11; 11; 11; 11; 11; 11; 11; 11; 11; 11; 11; 11; 11; 11; 11; 11; 11; 11; 11; 11; 11; 11; 11; 11; 11; 11; 11; 11; 11; 11; 11; 11; 11; 11; 11; 11; 11; 12; 12; 12; 12; 12; 12; 12; 0; 0; 0; 0
1; 1; 1; 1; 1; 1; 1; 1; 1; 1; 1; 1; 1; 1; 1; 1; 1; 1; 1; 1; 1; 1; 1; 1; 1; 1; 1; 1; 6; 6; 6; 6; 6; 6; 6; 6; 6; 6; 6; 6; 6; 6; 6; 6; 3; 3; 3; 3; 3; 3; 3; 3; 3; 3; 3; 3; 3; 3; 3; 3; 3; 3; 3; 3; 3; 3; 3; 3; 3; 3; 3; 3; 3; 3; 3; 3; 3; 3; 11; 11; 11; 11; 11; 11; 11; 11; 11; 11; 11; 11; 11; 11; 11; 11; 11; 11; 11; 11; 11; 11; 11; 11; 11; 11; 11; 11; 11; 11; 11; 11; 11; 11; 11; 11; 11; 11; 11; 12; 12; 12; 12; 12; 12; 12; 0; 0; 0; 0
0; 0; 0; 6; 6; 6; 6; 6; 6; 6; 6; 6; 6; 6; 6; 6; 6; 6; 6; 6; 6; 6; 6; 6; 6; 6; 6; 6; 6; 6; 6; 6; 6; 6; 6; 6; 6; 6; 6; 6; 6; 6; 6; 6; 3; 3; 3; 3; 3; 3; 3; 3; 3; 3; 3; 3; 3; 3; 3; 3; 3; 3; 3; 3; 3; 3; 3; 3; 3; 3; 3; 3; 3; 3; 3; 3; 3; 3; 11; 11; 11; 11; 11; 11; 11; 11; 11; 11; 11; 11; 11; 11; 11; 11; 11; 11; 11; 11; 11; 11; 11; 11; 11; 11; 11; 11; 11; 11; 11; 11; 11; 11; 11; 11; 11; 11; 11; 12; 12; 12; 12; 12; 12; 12; 0; 0; 0; 0
0; 6; 6; 6; 6; 6; 6; 6; 6; 6; 6; 6; 6; 6; 6; 6; 6; 6; 6; 6; 6; 6; 6; 6; 6; 6; 6; 6; 6; 6; 6; 6; 6; 6; 6; 6; 6; 6; 6; 6; 6; 6; 6; 6; 3; 3; 3; 3; 3; 3; 3; 3; 3; 3; 3; 3; 3; 3; 3; 3; 3; 3; 3; 3; 3; 3; 3; 3; 3; 3; 3; 3; 3; 3; 3; 3; 3; 3; 11; 11; 11; 11; 11; 11; 11; 11; 11; 11; 11; 11; 11; 11; 11; 11; 11; 11; 11; 11; 11; 11; 11; 11; 11; 11; 11; 11; 11; 11; 11; 11; 11; 11; 11; 11; 11; 11; 11; 12; 12; 12; 12; 12; 12; 12; 12; 0; 0; 0
0; 6; 6; 6; 6; 6; 6; 6; 6; 6; 6; 6; 6; 6; 6; 6; 6; 6; 6; 6; 6; 6; 6; 6; 6; 6; 6; 6; 6; 6; 6; 6; 6; 6; 6; 6; 6; 6; 6; 6; 6; 6; 6; 6; 3; 3; 3; 3; 3; 3; 3; 3; 3; 3; 3; 3; 3; 3; 3; 3; 3; 3; 3; 3; 3; 3; 3; 3; 3; 3; 3; 3; 3; 3; 3; 3; 3; 3; 11; 11; 11; 11; 11; 11; 11; 11; 11; 11; 11; 11; 11; 11; 11; 11; 11; 11; 11; 11; 11; 11; 11; 11; 11; 11; 11; 11; 11; 11; 11; 11; 11; 11; 11; 11; 11; 11; 11; 12; 12; 12; 12; 12; 12; 12; 0; 0; 0; 0
0; 0; 6; 6; 6; 6; 6; 6; 6; 6; 6; 6; 6; 6; 6; 6; 6; 6; 6; 6; 6; 6; 6; 6; 6; 6; 6; 6; 6; 6; 6; 6; 6; 6; 6; 6; 6; 6; 6; 6; 6; 6; 6; 6; 3; 3; 3; 3; 3; 3; 3; 3; 3; 3; 3; 3; 3; 3; 3; 3; 3; 3; 3; 3; 3; 3; 3; 3; 3; 3; 3; 3; 3; 3; 3; 3; 3; 3; 11; 11; 11; 11; 11; 11; 11; 11; 11; 11; 11; 11; 11; 11; 11; 11; 11; 11; 11; 11; 11; 11; 11; 11; 11; 11; 11; 11; 11; 11; 11; 11; 11; 11; 11; 11; 11; 11; 11; 12; 12; 12; 12; 12; 12; 12; 0; 0; 0; 0
0; 0; 6; 6; 6; 6; 6; 6; 6; 6; 6; 6; 6; 6; 6; 6; 6; 6; 6; 6; 6; 6; 6; 6; 6; 6; 6; 6; 6; 6; 6; 6; 6; 6; 6; 6; 6; 6; 6; 6; 6; 6; 6; 6; 3; 3; 3; 3; 3; 3; 3; 3; 3; 3; 3; 3; 3; 3; 3; 3; 3; 3; 3; 3; 3; 3; 3; 3; 3; 3; 3; 3; 3; 3; 3; 3; 3; 3; 11; 11; 11; 11; 11; 11; 11; 11; 11; 11; 11; 11; 11; 11; 11; 11; 11; 11; 11; 11; 11; 11; 11; 11; 11; 11; 11; 11; 11; 11; 11; 11; 11; 11; 11; 11; 11; 11; 11; 12; 12; 12; 12; 12; 12; 12; 0; 0; 0; 0
0; 6; 6; 6; 6; 6; 6; 6; 6; 6; 6; 6; 6; 6; 6; 6; 6; 6; 6; 6; 6; 6; 6; 6; 6; 6; 6; 6; 6; 6; 6; 6; 6; 6; 6; 6; 6; 6; 6; 6; 6; 6; 6; 6; 3; 3; 3; 3; 3; 3; 3; 3; 3; 3; 3; 3; 3; 3; 3; 3; 3; 3; 3; 3; 3; 3; 3; 3; 3; 3; 3; 3; 3; 3; 3; 3; 3; 3; 11; 11; 11; 11; 11; 11; 11; 11; 11; 11; 11; 11; 11; 11; 11; 11; 11; 11; 11; 11; 11; 11; 11; 11; 11; 11; 11; 11; 11; 11; 11; 11; 11; 11; 11; 11; 11; 11; 11; 12; 12; 12; 12; 12; 12; 12; 12; 0; 0; 0
0; 6; 6; 6; 6; 6; 6; 6; 6; 6; 6; 6; 6; 6; 6; 6; 6; 6; 6; 6; 6; 6; 6; 6; 6; 6; 6; 6; 6; 6; 6; 6; 6; 6; 6; 6; 6; 6; 6; 6; 6; 6; 6; 6; 4; 4; 4; 4; 4; 4; 4; 4; 4; 4; 4; 4; 4; 4; 4; 4; 4; 4; 4; 4; 4; 4; 4; 4; 4; 4; 4; 4; 4; 12; 12; 12; 12; 12; 11; 11; 11; 11; 11; 11; 11; 11; 11; 11; 11; 11; 11; 11; 11; 11; 11; 11; 11; 11; 11; 11; 11; 11; 11; 11; 11; 11; 11; 11; 11; 11; 11; 11; 11; 11; 11; 11; 11; 12; 12; 12; 12; 12; 12; 12; 0; 0; 0; 0
0; 0; 0; 6; 6; 6; 6; 6; 6; 6; 6; 6; 6; 6; 6; 6; 6; 6; 6; 6; 6; 6; 6; 6; 6; 6; 6; 6; 6; 6; 6; 6; 6; 6; 6; 6; 6; 6; 6; 6; 6; 6; 6; 6; 4; 4; 4; 4; 4; 4; 4; 4; 4; 4; 4; 4; 4; 4; 4; 4; 4; 4; 4; 4; 4; 4; 4; 4; 4; 4; 4; 4; 4; 12; 12; 12; 12; 12; 11; 11; 11; 11; 11; 11; 11; 11; 11P; 11; 11; 11; 11; 11; 11; 11; 11; 11; 11; 11; 11; 11; 11; 11; 11; 11; 11; 11; 11; 11; 11; 11; 11; 11; 11; 11; 11; 11; 11; 12; 12; 12; 12; 12; 12; 12; 12; 0; 0; 0
0; 0; 6; 6; 6; 6; 6; 6; 6; 6; 6; 6; 6; 6; 6; 6; 6; 6; 6; 6; 6; 6; 6; 6; 6; 6; 6; 6; 6; 6; 6; 6; 6; 6; 6; 6; 6; 6; 6; 6; 6P; 6; 6; 6; 4; 4; 4; 4; 4; 4; 4; 4; 4; 4; 4; 4; 4; 4; 4; 4; 4; 4; 4; 4; 4; 4; 4; 4; 4; 4; 4; 4; 4; 12; 12; 12; 12; 12; 11; 11; 11; 11; 11; 11; 11; 11; 11; 11; 11; 11; 11; 11; 11; 11; 11; 11; 11; 11; 11; 11; 11; 11; 11; 11; 11; 11; 11; 11; 11; 11; 11; 11; 11; 11; 11; 11; 11; 12; 12; 12; 12; 12; 12; 12; 0; 0; 0; 0
0; 6; 6; 6; 6; 6; 6; 6; 6; 6; 6; 6; 6; 6; 6; 6; 6; 6; 6; 6; 6; 6; 6; 6; 6; 6; 6; 6; 6; 6; 6; 6; 6; 6; 6; 6; 6; 6; 6; 6; 6; 6; 6; 6; 4; 4; 4; 4; 4; 4; 4; 4; 4; 4; 4; 4; 4; 4; 4; 4; 4; 4; 4; 4; 4; 4; 4; 4; 4; 4; 4; 4; 4; 12; 12; 12; 12; 12; 11; 11; 11; 11; 11; 11; 11; 11; 11; 11; 11; 11; 11; 11; 11; 11; 11; 11; 11; 11; 11; 11; 11; 11; 11; 11; 11; 11; 11; 11; 11; 11; 11; 11; 11; 11; 11; 11; 11; 12; 12; 12; 12; 12; 12; 12; 0; 0; 0; 0
0; 6; 6; 6; 6; 6; 6; 6; 6; 6; 6; 6; 6; 6; 6; 6; 6; 6; 6; 6; 6; 6; 6; 6; 6; 6; 6; 6; 6; 6; 6; 6; 6; 6; 6; 6; 6; 6; 6; 6; 6; 6; 6; 6; 4; 4; 4; 4; 4; 4; 4; 4; 4; 4; 4; 4; 4; 4; 4; 4; 4; 4; 4; 4; 4; 4; 4; 4; 4; 4; 4; 4; 4; 12; 12; 12; 12; 12; 12; 12; 12; 12; 12; 12; 12; 12; 12; 12; 12; 12; 12; 12; 12; 12; 12; 12; 12; 12; 12; 12; 12; 12; 12; 12; 12; 12; 12; 12; 12; 12; 12; 12; 12; 12; 12; 12; 12; 12; 12; 12; 12; 12; 12; 12; 0; 0; 0; 0
0; 6; 6; 6; 6; 6; 6; 6; 6; 6; 6; 6; 6; 6; 6; 6; 6; 6; 6; 6; 6; 6; 6; 6; 6; 6; 6; 6; 6; 6; 6; 6; 6; 6; 6; 6; 6; 6; 6; 6; 6; 6; 6; 6; 4; 4; 4; 4; 4; 4; 4; 4; 4; 4; 4; 4; 4; 4; 4; 4; 4; 4; 4; 4; 4; 4; 4; 4; 4; 4; 4; 4; 4; 12; 12; 12; 12; 12; 12; 12; 12; 12; 12; 12; 12; 12; 12; 12; 12; 12; 12; 12; 12; 12; 12; 12; 12; 12; 12; 12; 12; 12; 12; 12; 12; 12; 12; 12; 12; 12; 12; 12; 12; 12; 12; 12; 12; 12; 12; 12; 12; 12; 12; 12; 0; 0; 0; 0
0; 6; 6; 6; 6; 6; 6; 6; 6; 6; 6; 6; 6; 6; 6; 6; 6; 6; 6; 6; 6; 6; 6; 6; 6; 6; 6; 6; 6; 6; 6; 6; 6; 6; 6; 6; 6; 6; 6; 6; 6; 6; 6; 6; 4; 4; 4; 4; 4; 4; 4; 4; 4; 4; 4; 4; 4; 4; 4; 4; 4; 4; 4; 4; 4; 4; 4; 4; 4; 4; 4; 4; 4; 4; 12; 12; 12; 12; 12; 12; 12; 12; 12; 12; 12; 12; 12; 12; 12; 12; 12; 12; 12; 12; 12; 12; 12; 12; 12; 12; 12; 12; 12; 12; 12; 12; 12; 12; 12; 12; 12; 12; 12; 12; 12; 12; 12; 12; 12; 12; 12; 12; 12; 12; 12; 0; 0; 0
0; 6; 6; 6; 6; 6; 6; 6; 6; 6; 6; 6; 6; 6; 6; 6; 6; 6; 6; 6; 6; 6; 6; 6; 6; 6; 6; 6; 6; 6; 6; 6; 6; 6; 6; 6; 6; 6; 6; 6; 6; 6; 6; 6; 4; 4; 4; 4; 4; 4; 4; 4; 4; 4; 4; 4; 4; 4; 4; 4; 4; 4; 4; 4; 4; 4; 4; 4; 4; 4; 4; 4; 4; 4; 12; 12; 12P; 12; 12; 12; 12; 12; 12; 12; 12; 12; 12; 12; 12; 12; 12; 12; 12; 12; 12; 12; 12; 12; 12; 12; 12; 12; 12; 12; 12; 12; 12; 12; 12; 12; 12; 12; 12; 12; 12; 12; 12; 12; 12; 12; 12; 12; 12; 12; 0; 0; 0; 0
0; 0; 6; 6; 6; 6; 6; 6; 6; 6; 6; 6; 6; 6; 6; 6; 6; 6; 6; 6; 6; 6; 6; 6; 6; 6; 6; 6; 6; 6; 6; 6; 6; 6; 6; 6; 6; 6; 6; 6; 6; 6; 6; 6; 4; 4; 4; 4; 4; 4; 4; 4; 4; 4; 4; 4; 4; 4; 4; 4; 4; 4; 4; 4; 4; 4; 4; 4; 4; 4; 4; 4; 4; 4; 12; 12; 12; 12; 12; 12; 12; 12; 12; 12; 12; 12; 12; 12; 12; 12; 12; 12; 12; 12; 12; 12; 12; 12; 12; 12; 12; 12; 12; 12; 12; 12; 12; 12; 12; 12; 12; 12; 12; 12; 12; 12; 12; 12; 12; 12; 12; 12; 12; 12; 12; 0; 0; 0
0; 6; 6; 6; 6; 6; 6; 6; 6; 6; 6; 6; 6; 6; 6; 6; 6; 6; 6; 6; 6; 6; 6; 6; 6; 6; 6; 6; 6; 6; 6; 6; 6; 6; 6; 6; 6; 6; 6; 6; 6; 6; 6; 6; 4; 4; 4; 4; 4; 4; 4; 4; 4; 4; 4; 4; 4; 4; 4; 4; 4; 4; 4; 4; 4; 4; 4; 4; 4; 4; 4; 4; 4; 4; 12; 12; 12; 12; 12; 12; 12; 12; 12; 12; 12; 12; 12; 12; 12; 12; 12; 12; 12; 12; 12; 12; 12; 12; 12; 12; 12; 12; 12; 12; 12; 12; 12; 12; 12; 12; 12; 12; 12; 12; 12; 12; 12; 12; 12; 12; 12; 12; 12; 12; 0; 0; 0; 0
0; 0; 4; 4; 4; 4; 4; 4; 4; 4; 4; 4; 4; 4; 4; 4; 4; 4; 4; 4; 4; 4; 4; 4; 4; 4; 4; 4; 4; 4; 4; 4; 4; 4; 4; 4; 4; 4; 4; 4; 4; 4; 4; 4; 4; 4; 4; 4; 4; 4; 4; 4; 4; 4; 4; 4; 4; 4; 4; 4; 4; 4; 4; 4; 4; 4; 4; 4; 4; 4; 4; 4; 4; 4; 12; 12; 12; 12; 12; 12; 12; 12; 12; 12; 12; 12; 12; 12; 12; 12; 12; 12; 12; 12; 12; 12; 12; 12; 12; 12; 12; 12; 12; 12; 12; 12; 12; 12; 12; 12; 12; 12; 12; 12; 12; 12; 12; 12; 12; 12; 12; 12; 12; 12; 12; 12; 0; 0
0; 0; 4; 4; 4; 4; 4; 4; 4; 4; 4; 4; 4; 4; 4; 4; 4; 4; 4; 4; 4; 4; 4; 4; 4; 4; 4; 4; 4; 4; 4; 4; 4; 4; 4; 4; 4; 4; 4; 4; 4; 4; 4; 4; 4; 4; 4; 4; 4; 4; 4; 4; 4; 4; 4; 4; 4; 4; 4; 4; 4P; 4; 4; 4; 4; 4; 4; 4; 4; 4; 4; 4; 4; 4; 12; 12; 12; 12; 12; 12; 12; 12; 12; 12; 12; 12; 12; 12; 12; 12; 12; 12; 12; 12; 12; 12; 12; 12; 12; 12; 12; 12; 12; 12; 12; 12; 12; 12; 12; 12; 12; 12; 12; 12; 12; 12; 12; 12; 12; 12; 12; 12; 12; 12; 0; 0; 0; 0
0; 4; 4; 4; 4; 4; 4; 4; 4; 4; 4; 4; 4; 4; 4; 4; 4; 4; 4; 4; 4; 4; 4; 4; 4; 4; 4; 4; 4; 4; 4; 4; 4; 4; 4; 4; 4; 4; 4; 4; 4; 4; 4; 4; 4; 4; 4; 4; 4; 4; 4; 4; 4; 4; 4; 4; 4; 4; 4; 4; 4; 4; 4; 4; 4; 4; 4; 4; 4; 4; 4; 4; 4; 4; 12; 12; 12; 12; 12; 12; 12; 12; 12; 12; 12; 12; 12; 12; 12; 12; 12; 12; 12; 12; 12; 12; 12; 12; 12; 12; 12; 12; 12; 12; 12; 12; 12; 12; 12; 12; 12; 12; 12; 12; 12; 12; 12; 12; 12; 12; 12; 12; 12; 12; 12; 0; 0; 0
0; 0; 4; 4; 4; 4; 4; 4; 4; 4; 4; 4; 4; 4; 4; 4; 4; 4; 4; 4; 4; 4; 4; 4; 4; 4; 4; 4; 4; 4; 4; 4; 4; 4; 4; 4; 4; 4; 4; 4; 4; 4; 4; 4; 4; 4; 4; 4; 4; 4; 4; 4; 4; 4; 4; 4; 4; 4; 4; 4; 4; 4; 4; 4; 4; 4; 4; 4; 4; 4; 4; 4; 4; 4; 12; 12; 12; 12; 12; 12; 12; 12; 12; 12; 12; 12; 12; 12; 12; 12; 12; 12; 12; 12; 12; 12; 12; 12; 12; 12; 12; 12; 12; 12; 12; 12; 12; 12; 12; 12; 12; 12; 12; 12; 12; 12; 12; 12; 12; 12; 12; 12; 12; 12; 0; 0; 0; 0
0; 4; 4; 4; 4; 4; 4; 4; 4; 4; 4; 4; 4; 4; 4; 4; 4; 4; 4; 4; 4; 4; 4; 4; 4; 4; 4; 4; 4; 4; 4; 4; 4; 4; 4; 4; 4; 4; 4; 4; 4; 4; 4; 4; 4; 4; 4; 4; 4; 4; 4; 4; 4; 4; 4; 4; 4; 4; 4; 4; 4; 4; 4; 4; 4; 4; 4; 4; 4; 4; 4; 4; 4; 4; 12; 12; 12; 12; 12; 12; 12; 12; 12; 12; 12; 12; 12; 12; 12; 12; 12; 12; 12; 12; 12; 12; 12; 12; 12; 12; 12; 12; 12; 12; 12; 12; 12; 12; 12; 12; 12; 12; 12; 12; 12; 12; 12; 12; 12; 12; 12; 12; 12; 12; 12; 0; 0; 0
0; 0; 4; 4; 4; 4; 4; 4; 4; 4; 4; 4; 4; 4; 4; 4; 4; 4; 4; 4; 4; 4; 4; 4; 4; 4; 4; 4; 4; 4; 4; 4; 4; 4; 4; 4; 4; 4; 4; 4; 4; 4; 4; 4; 4; 4; 4; 4; 4; 4; 4; 4; 4; 4; 4; 4; 4; 4; 4; 4; 4; 4; 4; 4; 4; 4; 4; 4; 4; 4; 4; 4; 4; 4; 12; 12; 12; 12; 12; 12; 12; 12; 12; 12; 12; 12; 12; 12; 12; 12; 12; 12; 12; 12; 12; 12; 12; 12; 12; 12; 12; 12; 12; 12; 12; 12; 12; 12; 12; 12; 12; 12; 12; 12; 12; 12; 12; 12; 12; 12; 12; 12; 12; 12; 12; 0; 0; 0
0; 4; 4; 4; 4; 4; 4; 4; 4; 4; 4; 4; 4; 4; 4; 4; 4; 4; 4; 4; 4; 4; 4; 4; 4; 4; 4; 4; 4; 4; 4; 4; 4; 4; 4; 4; 4; 4; 4; 4; 4; 4; 4; 4; 4; 4; 4; 4; 4; 4; 4; 4; 4; 4; 4; 4; 4; 4; 4; 4; 4; 4; 4; 4; 4; 4; 4; 4; 4; 4; 4; 4; 4; 4; 12; 12; 12; 12; 12; 12; 12; 12; 12; 12; 12; 12; 12; 12; 12; 12; 12; 12; 12; 12; 12; 12; 12; 12; 12; 12; 12; 12; 12; 12; 12; 12; 12; 12; 12; 12; 12; 12; 12; 12; 12; 12; 12; 12; 12; 12; 12; 12; 12; 12; 0; 0; 0; 0
0; 4; 4; 4; 4; 4; 4; 4; 4; 4; 4; 4; 4; 4; 4; 4; 4; 4; 4; 4; 4; 4; 4; 4; 4; 4; 4; 4; 4; 4; 4; 4; 4; 4; 4; 4; 4; 4; 4; 4; 4; 4; 4; 4; 4; 4; 4; 4; 4; 4; 4; 4; 4; 4; 4; 4; 4; 4; 4; 4; 4; 4; 4; 4; 4; 4; 4; 4; 4; 4; 4; 4; 4; 4; 12; 12; 12; 12; 12; 12; 12; 12; 12; 12; 12; 12; 12; 12; 12; 12; 12; 12; 12; 12; 12; 12; 12; 12; 12; 12; 12; 12; 12; 12; 12; 12; 12; 12; 12; 12; 12; 12; 12; 12; 12; 12; 12; 12; 12; 12; 12; 12; 12; 12; 0; 0; 0; 0
0; 4; 4; 4; 4; 4; 4; 4; 4; 4; 4; 4; 4; 4; 4; 4; 4; 4; 4; 4; 4; 4; 4; 4; 4; 4; 4; 4; 4; 4; 4; 4; 4; 4; 4; 4; 4; 4; 4; 4; 4; 4; 4; 4; 4; 4; 4; 4; 4; 4; 4; 4; 4; 4; 4; 4; 4; 4; 4; 4; 4; 4; 4; 4; 4; 4; 4; 4; 4; 4; 4; 4; 4; 4; 12; 12; 12; 12; 12; 12; 12; 12; 12; 12; 12; 12; 12; 12; 12; 12; 12; 12; 12; 12; 12; 12; 12; 12; 12; 12; 12; 12; 12; 12; 12; 12; 12; 12; 12; 12; 12; 12; 12; 12; 12; 12; 12; 12; 12; 12; 12; 12; 12; 12; 12; 12; 12; 0
0; 0; 4; 4; 4; 4; 4; 4; 4; 4; 4; 4; 4; 4; 4; 4; 4; 4; 4; 4; 4; 4; 4; 4; 4; 4; 4; 4; 4; 4; 4; 4; 4; 4; 4; 4; 4; 4; 4; 4; 4; 4; 4; 4; 4; 4; 4; 4; 4; 4; 4; 4; 4; 4; 4; 4; 4; 4; 4; 4; 4; 4; 4; 4; 4; 4; 4; 4; 4; 4; 4; 4; 4; 4; 12; 12; 12; 12; 12; 12; 12; 12; 12; 12; 12; 12; 12; 12; 12; 12; 12; 12; 12; 12; 12; 12; 12; 12; 12; 12; 12; 12; 12; 12; 12; 12; 12; 12; 12; 12; 12; 12; 12; 12; 12; 12; 12; 12; 12; 12; 12; 12; 12; 12; 0; 0; 0; 0
0; 0; 4; 4; 4; 4; 4; 4; 4; 4; 4; 4; 4; 4; 4; 4; 4; 4; 4; 4; 4; 4; 4; 4; 4; 4; 4; 4; 4; 4; 4; 4; 4; 4; 4; 4; 4; 4; 4; 4; 4; 4; 4; 4; 4; 4; 4; 4; 4; 4; 4; 4; 4; 4; 4; 4; 4; 4; 4; 4; 4; 4; 4; 4; 4; 4; 4; 4; 4; 4; 4; 4; 4; 4; 12; 12; 12; 12; 12; 12; 12; 12; 12; 12; 12; 12; 12; 12; 12; 12; 12; 12; 12; 12; 12; 12; 12; 12; 12; 12; 12; 12; 12; 12; 12; 12; 12; 12; 12; 12; 12; 12; 12; 12; 12; 12; 12; 12; 12; 12; 12; 12; 12; 12; 0; 0; 0; 0
0; 0; 0; 0; 0; 4; 4; 0; 4; 0; 0; 4; 4; 0; 4; 0; 4; 0; 4; 4; 4; 4; 4; 0; 0; 0; 0; 0; 4; 4; 0; 0; 4; 0; 4; 0; 0; 0; 4; 0; 4; 4; 4; 4; 0; 4; 4; 4; 4; 4; 0; 0; 0; 0; 4; 0; 4; 0; 4; 4; 4; 0; 0; 0; 0; 0; 4; 4; 0; 4; 0; 4; 4; 0; 0; 12; 12; 12; 0; 0; 12; 12; 12; 12; 12; 12; 0; 12; 12; 12; 12; 12; 12; 12; 0; 0; 12; 0; 12; 12; 12; 12; 12; 12; 0; 0; 12; 12; 12; 0; 12; 12; 12; 12; 12; 12; 12; 0; 0; 0; 12; 12; 12; 12; 0; 0; 0; 0
0; 0; 0; 0; 0; 4; 4; 0; 4; 0; 0; 4; 0; 0; 4; 0; 0; 0; 0; 4; 4; 4; 0; 0; 0; 0; 0; 0; 4; 4; 0; 0; 0; 0; 0; 0; 0; 0; 0; 0; 4; 4; 4; 0; 0; 0; 4; 0; 0; 4; 0; 0; 0; 0; 0; 0; 0; 0; 4; 4; 0; 0; 0; 0; 0; 0; 0; 4; 0; 0; 0; 0; 0; 0; 0; 12; 12; 12; 0; 0; 12; 12; 12; 12; 0; 0; 0; 12; 12; 12; 12; 12; 12; 0; 0; 0; 12; 0; 12; 12; 12; 12; 0; 0; 0; 0; 12; 0; 0; 0; 12; 12; 0; 12; 12; 0; 12; 0; 0; 0; 12; 0; 12; 12; 0; 0; 0; 0
0; 0; 0; 0; 0; 0; 0; 0; 0; 0; 0; 0; 0; 0; 4; 0; 0; 0; 0; 4; 0; 0; 0; 0; 0; 0; 0; 0; 0; 0; 0; 0; 0; 0; 0; 0; 0; 0; 0; 0; 0; 0; 4; 0; 0; 0; 0; 0; 0; 4; 0; 0; 0; 0; 0; 0; 0; 0; 4; 0; 0; 0; 0; 0; 0; 0; 0; 0; 0; 0; 0; 0; 0; 0; 0; 0; 0; 0; 0; 0; 0; 0; 0; 12; 0; 0; 0; 0; 12; 0; 12; 12; 12; 0; 0; 0; 0; 0; 0; 12; 0; 0; 0; 0; 0; 0; 12; 0; 0; 0; 12; 0; 0; 0; 0; 0; 0; 0; 0; 0; 0; 0; 12; 0; 0; 0; 0; 0
0; 0; 0; 0; 0; 0; 0; 0; 0; 0; 0; 0; 0; 0; 0; 0; 0; 0; 0; 0; 0; 0; 0; 0; 0; 0; 0; 0; 0; 0; 0; 0; 0; 0; 0; 0; 0; 0; 0; 0; 0; 0; 0; 0; 0; 0; 0; 0; 0; 0; 0; 0; 0; 0; 0; 0; 0; 0; 0; 0; 0; 0; 0; 0; 0; 0; 0; 0; 0; 0; 0; 0; 0; 0; 0; 0; 0; 0; 0; 0; 0; 0; 0; 0; 0; 0; 0; 0; 0; 0; 0; 0; 0; 0; 0; 0; 0; 0; 0; 0; 0; 0; 0; 0; 0; 0; 0; 0; 0; 0; 12; 0; 0; 0; 0; 0; 0; 0; 0; 0; 0; 0; 12; 0; 0; 0; 0; 0
